2422d00ae861071c21be6fe52824d0499af40dd6	gi|1777404735|gb|CP045918.1|	100.000	29	0	0	222	250	3060381	3060353	0.008	54.7	1351	250
2422d00ae861071c21be6fe52824d0499af40dd6	gi|1751871007|dbj|AP021849.1|	100.000	29	0	0	222	250	3234425	3234453	0.008	54.7	57498	250
2422d00ae861071c21be6fe52824d0499af40dd6	gi|1418370697|gb|CP030286.1|	96.970	33	0	1	219	250	8519397	8519429	0.008	54.7	2099584	250
2422d00ae861071c21be6fe52824d0499af40dd6	gi|2220118319|dbj|LC558011.1|	100.000	28	0	0	223	250	1119	1146	0.028	52.8	562	250
2422d00ae861071c21be6fe52824d0499af40dd6	gi|1373290509|gb|CP020553.1|	100.000	26	0	0	225	250	648536	648561	0.36	49.1	1280	250
3cc5a01e8db3f3d7c467ff5eae55cdd5c4043068	gi|55978947|gb|AY800275.1|	98.773	326	3	1	1	326	56	380	1.39e-160	579	301822	326
3cc5a01e8db3f3d7c467ff5eae55cdd5c4043068	gi|228481209|gb|FJ887748.1|	97.853	326	7	0	1	326	125	450	3.90e-156	564	320590	326
3cc5a01e8db3f3d7c467ff5eae55cdd5c4043068	gi|134261287|gb|EF458480.1|	97.853	326	7	0	1	326	122	447	3.90e-156	564	320590	326
3cc5a01e8db3f3d7c467ff5eae55cdd5c4043068	gi|61970263|gb|AY958602.1|	97.853	326	7	0	1	326	83	408	3.90e-156	564	320590	326
3cc5a01e8db3f3d7c467ff5eae55cdd5c4043068	gi|525457505|gb|KC748065.1|	97.546	326	8	0	1	326	128	453	1.81e-154	558	557408	326
3cc5a01e8db3f3d7c467ff5eae55cdd5c4043068	gi|62123273|gb|AY958622.1|	97.546	326	8	0	1	326	79	404	1.81e-154	558	320615	326
3cc5a01e8db3f3d7c467ff5eae55cdd5c4043068	gi|1790179294|dbj|LC493904.1|	97.239	326	9	0	1	326	2152	2477	8.43e-153	553	980417	326
3cc5a01e8db3f3d7c467ff5eae55cdd5c4043068	gi|2228970450|ref|NC_062697.1|	97.239	326	9	0	1	326	2150	2475	8.43e-153	553	1049578	326
3cc5a01e8db3f3d7c467ff5eae55cdd5c4043068	gi|2216790191|gb|MT561269.1|	97.239	326	9	0	1	326	2149	2474	8.43e-153	553	470928	326
3cc5a01e8db3f3d7c467ff5eae55cdd5c4043068	gi|2228970333|ref|NC_062694.1|	97.239	326	9	0	1	326	2149	2474	8.43e-153	553	470928	326
3cc5a01e8db3f3d7c467ff5eae55cdd5c4043068	gi|2192928254|ref|NC_060630.1|	97.248	327	8	1	1	326	2151	2477	8.43e-153	553	980385	326
3cc5a01e8db3f3d7c467ff5eae55cdd5c4043068	gi|662170187|gb|KF366336.1|	97.248	327	8	1	1	326	125	451	8.43e-153	553	980385	326
3cc5a01e8db3f3d7c467ff5eae55cdd5c4043068	gi|662170186|gb|KF366335.1|	97.239	326	9	0	1	326	125	450	8.43e-153	553	557408	326
3cc5a01e8db3f3d7c467ff5eae55cdd5c4043068	gi|588264245|gb|KJ010645.1|	97.239	326	9	0	1	326	92	417	8.43e-153	553	433379	326
3cc5a01e8db3f3d7c467ff5eae55cdd5c4043068	gi|588264244|gb|KJ010644.1|	97.239	326	9	0	1	326	92	417	8.43e-153	553	433379	326
3cc5a01e8db3f3d7c467ff5eae55cdd5c4043068	gi|2073950700|gb|MT006232.1|	97.239	326	9	0	1	326	2149	2474	8.43e-153	553	476930	326
3cc5a01e8db3f3d7c467ff5eae55cdd5c4043068	gi|525457507|gb|KC748067.1|	97.239	326	9	0	1	326	128	453	8.43e-153	553	476930	326
3cc5a01e8db3f3d7c467ff5eae55cdd5c4043068	gi|525457499|gb|KC748059.1|	97.239	326	9	0	1	326	128	453	8.43e-153	553	1317002	326
3cc5a01e8db3f3d7c467ff5eae55cdd5c4043068	gi|525457497|gb|KC748057.1|	97.248	327	8	1	1	326	128	454	8.43e-153	553	1358729	326
3cc5a01e8db3f3d7c467ff5eae55cdd5c4043068	gi|402122795|gb|JQ417850.1|	97.239	326	9	0	1	326	125	450	8.43e-153	553	1049578	326
3cc5a01e8db3f3d7c467ff5eae55cdd5c4043068	gi|374669440|gb|JN591562.1|	97.239	326	9	0	1	326	125	450	8.43e-153	553	980344;1049573	326
3cc5a01e8db3f3d7c467ff5eae55cdd5c4043068	gi|327197024|gb|JF343940.1|	97.239	326	9	0	1	326	125	450	8.43e-153	553	476930	326
3cc5a01e8db3f3d7c467ff5eae55cdd5c4043068	gi|365266527|gb|HQ873667.1|	97.239	326	9	0	1	326	125	450	8.43e-153	553	980417	326
3cc5a01e8db3f3d7c467ff5eae55cdd5c4043068	gi|1898139782|gb|MT410903.1|	97.239	326	9	0	1	326	2152	2477	8.43e-153	553	980417	326
3cc5a01e8db3f3d7c467ff5eae55cdd5c4043068	gi|228481211|gb|FJ887750.1|	97.239	326	9	0	1	326	125	450	8.43e-153	553	476930	326
3cc5a01e8db3f3d7c467ff5eae55cdd5c4043068	gi|209961946|gb|EU741791.1|	97.239	326	9	0	1	326	125	450	8.43e-153	553	283367;470928	326
3cc5a01e8db3f3d7c467ff5eae55cdd5c4043068	gi|134261130|gb|EF458355.1|	97.239	326	9	0	1	326	122	447	8.43e-153	553	433379	326
3cc5a01e8db3f3d7c467ff5eae55cdd5c4043068	gi|807131486|gb|KP237969.1|	96.933	326	10	0	1	326	125	450	1.09e-151	549	1317002	326
3cc5a01e8db3f3d7c467ff5eae55cdd5c4043068	gi|1829772799|ref|NC_046850.1|	96.933	326	10	0	1	326	2152	2477	3.92e-151	547	476920	326
3cc5a01e8db3f3d7c467ff5eae55cdd5c4043068	gi|1790179848|dbj|LC495485.1|	96.933	326	10	0	1	326	2150	2475	3.92e-151	547	980387	326
3cc5a01e8db3f3d7c467ff5eae55cdd5c4043068	gi|1188235834|gb|KX117963.1|	96.933	326	10	0	1	326	2150	2475	3.92e-151	547	8204	326
3cc5a01e8db3f3d7c467ff5eae55cdd5c4043068	gi|1188235792|gb|KX117960.1|	96.933	326	10	0	1	326	2150	2475	3.92e-151	547	8204	326
3cc5a01e8db3f3d7c467ff5eae55cdd5c4043068	gi|1188235330|gb|KX117927.1|	96.933	326	10	0	1	326	2150	2475	3.92e-151	547	8204	326
3cc5a01e8db3f3d7c467ff5eae55cdd5c4043068	gi|1188235260|gb|KX117922.1|	96.933	326	10	0	1	326	2150	2475	3.92e-151	547	8204	326
3cc5a01e8db3f3d7c467ff5eae55cdd5c4043068	gi|1275605613|dbj|AP018419.1|	96.933	326	10	0	1	326	2150	2475	3.92e-151	547	980387	326
3cc5a01e8db3f3d7c467ff5eae55cdd5c4043068	gi|807131489|gb|KP237972.1|	96.933	326	10	0	1	326	125	450	3.92e-151	547	1638160	326
3cc5a01e8db3f3d7c467ff5eae55cdd5c4043068	gi|874508174|gb|KT004433.1|	96.933	326	10	0	1	326	2152	2477	3.92e-151	547	980417	326
3cc5a01e8db3f3d7c467ff5eae55cdd5c4043068	gi|902686493|ref|NC_027588.1|	96.933	326	10	0	1	326	2152	2477	3.92e-151	547	980417	326
3cc5a01e8db3f3d7c467ff5eae55cdd5c4043068	gi|156765953|ref|NC_009773.1|	96.933	326	10	0	1	326	2150	2475	3.92e-151	547	8204	326
3cc5a01e8db3f3d7c467ff5eae55cdd5c4043068	gi|2216790261|gb|MT621232.1|	96.933	326	10	0	1	326	2152	2477	3.92e-151	547	476920	326
3cc5a01e8db3f3d7c467ff5eae55cdd5c4043068	gi|2216790233|gb|MT627596.1|	96.933	326	10	0	1	326	2151	2476	3.92e-151	547	986104	326
3cc5a01e8db3f3d7c467ff5eae55cdd5c4043068	gi|2228970367|ref|NC_062695.1|	96.933	326	10	0	1	326	2151	2476	3.92e-151	547	986104	326
3cc5a01e8db3f3d7c467ff5eae55cdd5c4043068	gi|662170189|gb|KF366338.1|	96.933	326	10	0	1	326	125	450	3.92e-151	547	433395	326
3cc5a01e8db3f3d7c467ff5eae55cdd5c4043068	gi|662170182|gb|KF366331.1|	96.933	326	10	0	1	326	125	450	3.92e-151	547	476920	326
3cc5a01e8db3f3d7c467ff5eae55cdd5c4043068	gi|661786429|gb|KJ879088.1|	96.933	326	10	0	1	326	92	417	3.92e-151	547	557414	326
3cc5a01e8db3f3d7c467ff5eae55cdd5c4043068	gi|588264343|gb|KJ010743.1|	96.933	326	10	0	1	326	92	417	3.92e-151	547	557414	326
3cc5a01e8db3f3d7c467ff5eae55cdd5c4043068	gi|588264248|gb|KJ010648.1|	96.933	326	10	0	1	326	92	417	3.92e-151	547	557414	326
3cc5a01e8db3f3d7c467ff5eae55cdd5c4043068	gi|525457508|gb|KC748068.1|	96.933	326	10	0	1	326	128	453	3.92e-151	547	1358737	326
3cc5a01e8db3f3d7c467ff5eae55cdd5c4043068	gi|525457498|gb|KC748058.1|	96.933	326	10	0	1	326	128	453	3.92e-151	547	986104	326
3cc5a01e8db3f3d7c467ff5eae55cdd5c4043068	gi|402122639|gb|JN816390.1|	96.942	327	8	2	1	326	125	450	3.92e-151	547	57780	326
3cc5a01e8db3f3d7c467ff5eae55cdd5c4043068	gi|327197030|gb|JF343946.1|	96.933	326	10	0	1	326	125	450	3.92e-151	547	986104;986105	326
3cc5a01e8db3f3d7c467ff5eae55cdd5c4043068	gi|365266528|gb|HQ873668.1|	96.933	326	10	0	1	326	125	450	3.92e-151	547	1049575	326
3cc5a01e8db3f3d7c467ff5eae55cdd5c4043068	gi|365266526|gb|HQ873666.1|	96.933	326	10	0	1	326	125	450	3.92e-151	547	980387	326
3cc5a01e8db3f3d7c467ff5eae55cdd5c4043068	gi|365266523|gb|HQ873663.1|	96.933	326	10	0	1	326	125	450	3.92e-151	547	1127570	326
3cc5a01e8db3f3d7c467ff5eae55cdd5c4043068	gi|228481214|gb|FJ887753.1|	96.933	326	10	0	1	326	125	450	3.92e-151	547	641279	326
3cc5a01e8db3f3d7c467ff5eae55cdd5c4043068	gi|146160759|gb|EF427916.1|	96.933	326	10	0	1	326	2150	2475	3.92e-151	547	8204	326
3cc5a01e8db3f3d7c467ff5eae55cdd5c4043068	gi|134261267|gb|EF458460.1|	96.933	326	10	0	1	326	122	447	3.92e-151	547	320615	326
3cc5a01e8db3f3d7c467ff5eae55cdd5c4043068	gi|126544563|gb|EF119323.1|	96.933	326	10	0	1	326	122	447	3.92e-151	547	428036	326
3cc5a01e8db3f3d7c467ff5eae55cdd5c4043068	gi|228481210|gb|FJ887749.1|	96.626	326	11	0	1	326	125	450	5.07e-150	544	428036	326
3cc5a01e8db3f3d7c467ff5eae55cdd5c4043068	gi|1812094577|ref|NC_045921.1|	96.626	326	11	0	1	326	2150	2475	1.83e-149	542	476928	326
3cc5a01e8db3f3d7c467ff5eae55cdd5c4043068	gi|1790179654|dbj|LC493930.1|	96.626	326	11	0	1	326	2148	2473	1.83e-149	542	479980	326
3cc5a01e8db3f3d7c467ff5eae55cdd5c4043068	gi|1790179515|dbj|LC493920.1|	96.626	326	11	0	1	326	2152	2477	1.83e-149	542	1266874	326
3cc5a01e8db3f3d7c467ff5eae55cdd5c4043068	gi|1790179266|dbj|LC493902.1|	96.626	326	11	0	1	326	2150	2475	1.83e-149	542	8204	326
3cc5a01e8db3f3d7c467ff5eae55cdd5c4043068	gi|1783497572|ref|NC_045382.1|	96.626	326	11	0	1	326	2152	2477	1.83e-149	542	291111	326
3cc5a01e8db3f3d7c467ff5eae55cdd5c4043068	gi|1398520405|ref|NC_037609.1|	96.626	326	11	0	1	326	2150	2475	1.83e-149	542	65739	326
3cc5a01e8db3f3d7c467ff5eae55cdd5c4043068	gi|1084353626|gb|KX118040.1|	96.626	326	11	0	1	326	2149	2474	1.83e-149	542	425520	326
3cc5a01e8db3f3d7c467ff5eae55cdd5c4043068	gi|1084353374|gb|KX118022.1|	96.626	326	11	0	1	326	2150	2475	1.83e-149	542	65739	326
3cc5a01e8db3f3d7c467ff5eae55cdd5c4043068	gi|1084353360|gb|KX118021.1|	96.626	326	11	0	1	326	2150	2475	1.83e-149	542	65739	326
3cc5a01e8db3f3d7c467ff5eae55cdd5c4043068	gi|1084353346|gb|KX118020.1|	96.626	326	11	0	1	326	2150	2475	1.83e-149	542	65739	326
3cc5a01e8db3f3d7c467ff5eae55cdd5c4043068	gi|1084353332|gb|KX118019.1|	96.626	326	11	0	1	326	2150	2475	1.83e-149	542	65739	326
3cc5a01e8db3f3d7c467ff5eae55cdd5c4043068	gi|1084353304|gb|KX118017.1|	96.626	326	11	0	1	326	2150	2475	1.83e-149	542	65739	326
3cc5a01e8db3f3d7c467ff5eae55cdd5c4043068	gi|1084353290|gb|KX118016.1|	96.626	326	11	0	1	326	2150	2475	1.83e-149	542	65739	326
3cc5a01e8db3f3d7c467ff5eae55cdd5c4043068	gi|1084353276|gb|KX118015.1|	96.626	326	11	0	1	326	2150	2475	1.83e-149	542	65739	326
3cc5a01e8db3f3d7c467ff5eae55cdd5c4043068	gi|1084353262|gb|KX118014.1|	96.626	326	11	0	1	326	2150	2475	1.83e-149	542	65739	326
3cc5a01e8db3f3d7c467ff5eae55cdd5c4043068	gi|1084353248|gb|KX118013.1|	96.626	326	11	0	1	326	2150	2475	1.83e-149	542	65739	326
3cc5a01e8db3f3d7c467ff5eae55cdd5c4043068	gi|1084353234|gb|KX118012.1|	96.626	326	11	0	1	326	2150	2475	1.83e-149	542	65739	326
3cc5a01e8db3f3d7c467ff5eae55cdd5c4043068	gi|1084353220|gb|KX118011.1|	96.626	326	11	0	1	326	2150	2475	1.83e-149	542	65739	326
3cc5a01e8db3f3d7c467ff5eae55cdd5c4043068	gi|1084353206|gb|KX118010.1|	96.626	326	11	0	1	326	2150	2475	1.83e-149	542	65739	326
3cc5a01e8db3f3d7c467ff5eae55cdd5c4043068	gi|1084353192|gb|KX118009.1|	96.626	326	11	0	1	326	2150	2475	1.83e-149	542	65739	326
3cc5a01e8db3f3d7c467ff5eae55cdd5c4043068	gi|1084353178|gb|KX118008.1|	96.626	326	11	0	1	326	2150	2475	1.83e-149	542	65739	326
3cc5a01e8db3f3d7c467ff5eae55cdd5c4043068	gi|1084353164|gb|KX118007.1|	96.626	326	11	0	1	326	2150	2475	1.83e-149	542	65739	326
3cc5a01e8db3f3d7c467ff5eae55cdd5c4043068	gi|1084353150|gb|KX118006.1|	96.626	326	11	0	1	326	2150	2475	1.83e-149	542	65739	326
3cc5a01e8db3f3d7c467ff5eae55cdd5c4043068	gi|1188236422|gb|KX118005.1|	96.626	326	11	0	1	326	2150	2475	1.83e-149	542	8204	326
3cc5a01e8db3f3d7c467ff5eae55cdd5c4043068	gi|1188236408|gb|KX118004.1|	96.626	326	11	0	1	326	2150	2475	1.83e-149	542	8204	326
3cc5a01e8db3f3d7c467ff5eae55cdd5c4043068	gi|1188236394|gb|KX118003.1|	96.626	326	11	0	1	326	2150	2475	1.83e-149	542	8204	326
3cc5a01e8db3f3d7c467ff5eae55cdd5c4043068	gi|1188236380|gb|KX118002.1|	96.626	326	11	0	1	326	2150	2475	1.83e-149	542	8204	326
3cc5a01e8db3f3d7c467ff5eae55cdd5c4043068	gi|1188236366|gb|KX118001.1|	96.626	326	11	0	1	326	2150	2475	1.83e-149	542	8204	326
3cc5a01e8db3f3d7c467ff5eae55cdd5c4043068	gi|1188236352|gb|KX118000.1|	96.626	326	11	0	1	326	2150	2475	1.83e-149	542	8204	326
3cc5a01e8db3f3d7c467ff5eae55cdd5c4043068	gi|1188236338|gb|KX117999.1|	96.626	326	11	0	1	326	2150	2475	1.83e-149	542	8204	326
3cc5a01e8db3f3d7c467ff5eae55cdd5c4043068	gi|1188236324|gb|KX117998.1|	96.626	326	11	0	1	326	2150	2475	1.83e-149	542	8204	326
3cc5a01e8db3f3d7c467ff5eae55cdd5c4043068	gi|1188236310|gb|KX117997.1|	96.626	326	11	0	1	326	2150	2475	1.83e-149	542	8204	326
3cc5a01e8db3f3d7c467ff5eae55cdd5c4043068	gi|1188236296|gb|KX117996.1|	96.626	326	11	0	1	326	2150	2475	1.83e-149	542	8204	326
3cc5a01e8db3f3d7c467ff5eae55cdd5c4043068	gi|2235262324|ref|NC_063112.1|	96.626	326	11	0	1	326	2153	2478	1.83e-149	542	1317005	326
3cc5a01e8db3f3d7c467ff5eae55cdd5c4043068	gi|2216790317|gb|MT621236.1|	96.626	326	11	0	1	326	2149	2474	1.83e-149	542	1317004	326
3cc5a01e8db3f3d7c467ff5eae55cdd5c4043068	gi|2228970500|ref|NC_062698.1|	96.626	326	11	0	1	326	2151	2476	1.83e-149	542	1317004	326
3cc5a01e8db3f3d7c467ff5eae55cdd5c4043068	gi|2216790247|gb|MT621231.1|	96.626	326	11	0	1	326	2152	2477	1.83e-149	542	291111	326
3cc5a01e8db3f3d7c467ff5eae55cdd5c4043068	gi|2095140081|gb|OK135322.1|	96.626	326	11	0	1	326	1063	1388	1.83e-149	542	428036	326
3cc5a01e8db3f3d7c467ff5eae55cdd5c4043068	gi|2084982255|gb|MT345889.1|	96.626	326	11	0	1	326	2151	2476	1.83e-149	542	476928	326
3cc5a01e8db3f3d7c467ff5eae55cdd5c4043068	gi|1898139894|gb|MT410929.1|	96.626	326	11	0	1	326	2150	2475	1.83e-149	542	8204	326
3cc5a01e8db3f3d7c467ff5eae55cdd5c4043068	gi|1896498891|gb|MT410893.1|	96.626	326	11	0	1	326	2152	2477	1.83e-149	542	1266874	326
467f7caf9ea0b3ea4dd38d0371f265a175851778	gi|1722189912|gb|MK174343.1|	90.000	70	7	0	42	111	153	222	6.11e-14	91.6	2603320	258
467f7caf9ea0b3ea4dd38d0371f265a175851778	gi|1510251111|gb|MH281629.1|	90.000	70	7	0	42	111	839	770	6.11e-14	91.6	2485823	258
4f385cc634e3b24fdba75a6a8f053747c8e7476c	gi|55978947|gb|AY800275.1|	99.080	326	2	1	1	326	56	380	2.99e-162	584	301822	326
4f385cc634e3b24fdba75a6a8f053747c8e7476c	gi|228481209|gb|FJ887748.1|	98.160	326	6	0	1	326	125	450	8.37e-158	569	320590	326
4f385cc634e3b24fdba75a6a8f053747c8e7476c	gi|134261287|gb|EF458480.1|	98.160	326	6	0	1	326	122	447	8.37e-158	569	320590	326
4f385cc634e3b24fdba75a6a8f053747c8e7476c	gi|61970263|gb|AY958602.1|	98.160	326	6	0	1	326	83	408	8.37e-158	569	320590	326
4f385cc634e3b24fdba75a6a8f053747c8e7476c	gi|525457505|gb|KC748065.1|	97.853	326	7	0	1	326	128	453	3.90e-156	564	557408	326
4f385cc634e3b24fdba75a6a8f053747c8e7476c	gi|62123273|gb|AY958622.1|	97.853	326	7	0	1	326	79	404	3.90e-156	564	320615	326
4f385cc634e3b24fdba75a6a8f053747c8e7476c	gi|1790179294|dbj|LC493904.1|	97.546	326	8	0	1	326	2152	2477	1.81e-154	558	980417	326
4f385cc634e3b24fdba75a6a8f053747c8e7476c	gi|2228970450|ref|NC_062697.1|	97.546	326	8	0	1	326	2150	2475	1.81e-154	558	1049578	326
4f385cc634e3b24fdba75a6a8f053747c8e7476c	gi|2216790191|gb|MT561269.1|	97.546	326	8	0	1	326	2149	2474	1.81e-154	558	470928	326
4f385cc634e3b24fdba75a6a8f053747c8e7476c	gi|2228970333|ref|NC_062694.1|	97.546	326	8	0	1	326	2149	2474	1.81e-154	558	470928	326
4f385cc634e3b24fdba75a6a8f053747c8e7476c	gi|2192928254|ref|NC_060630.1|	97.554	327	7	1	1	326	2151	2477	1.81e-154	558	980385	326
4f385cc634e3b24fdba75a6a8f053747c8e7476c	gi|662170187|gb|KF366336.1|	97.554	327	7	1	1	326	125	451	1.81e-154	558	980385	326
4f385cc634e3b24fdba75a6a8f053747c8e7476c	gi|662170186|gb|KF366335.1|	97.546	326	8	0	1	326	125	450	1.81e-154	558	557408	326
4f385cc634e3b24fdba75a6a8f053747c8e7476c	gi|588264245|gb|KJ010645.1|	97.546	326	8	0	1	326	92	417	1.81e-154	558	433379	326
4f385cc634e3b24fdba75a6a8f053747c8e7476c	gi|588264244|gb|KJ010644.1|	97.546	326	8	0	1	326	92	417	1.81e-154	558	433379	326
4f385cc634e3b24fdba75a6a8f053747c8e7476c	gi|2073950700|gb|MT006232.1|	97.546	326	8	0	1	326	2149	2474	1.81e-154	558	476930	326
4f385cc634e3b24fdba75a6a8f053747c8e7476c	gi|525457507|gb|KC748067.1|	97.546	326	8	0	1	326	128	453	1.81e-154	558	476930	326
4f385cc634e3b24fdba75a6a8f053747c8e7476c	gi|525457499|gb|KC748059.1|	97.546	326	8	0	1	326	128	453	1.81e-154	558	1317002	326
4f385cc634e3b24fdba75a6a8f053747c8e7476c	gi|525457497|gb|KC748057.1|	97.554	327	7	1	1	326	128	454	1.81e-154	558	1358729	326
4f385cc634e3b24fdba75a6a8f053747c8e7476c	gi|402122795|gb|JQ417850.1|	97.546	326	8	0	1	326	125	450	1.81e-154	558	1049578	326
4f385cc634e3b24fdba75a6a8f053747c8e7476c	gi|374669440|gb|JN591562.1|	97.546	326	8	0	1	326	125	450	1.81e-154	558	980344;1049573	326
4f385cc634e3b24fdba75a6a8f053747c8e7476c	gi|327197024|gb|JF343940.1|	97.546	326	8	0	1	326	125	450	1.81e-154	558	476930	326
4f385cc634e3b24fdba75a6a8f053747c8e7476c	gi|365266527|gb|HQ873667.1|	97.546	326	8	0	1	326	125	450	1.81e-154	558	980417	326
4f385cc634e3b24fdba75a6a8f053747c8e7476c	gi|1898139782|gb|MT410903.1|	97.546	326	8	0	1	326	2152	2477	1.81e-154	558	980417	326
4f385cc634e3b24fdba75a6a8f053747c8e7476c	gi|228481211|gb|FJ887750.1|	97.546	326	8	0	1	326	125	450	1.81e-154	558	476930	326
4f385cc634e3b24fdba75a6a8f053747c8e7476c	gi|209961946|gb|EU741791.1|	97.546	326	8	0	1	326	125	450	1.81e-154	558	283367;470928	326
4f385cc634e3b24fdba75a6a8f053747c8e7476c	gi|134261130|gb|EF458355.1|	97.546	326	8	0	1	326	122	447	1.81e-154	558	433379	326
4f385cc634e3b24fdba75a6a8f053747c8e7476c	gi|807131486|gb|KP237969.1|	97.239	326	9	0	1	326	125	450	2.34e-153	555	1317002	326
4f385cc634e3b24fdba75a6a8f053747c8e7476c	gi|1829772799|ref|NC_046850.1|	97.239	326	9	0	1	326	2152	2477	8.43e-153	553	476920	326
4f385cc634e3b24fdba75a6a8f053747c8e7476c	gi|1790179848|dbj|LC495485.1|	97.239	326	9	0	1	326	2150	2475	8.43e-153	553	980387	326
4f385cc634e3b24fdba75a6a8f053747c8e7476c	gi|1188235834|gb|KX117963.1|	97.239	326	9	0	1	326	2150	2475	8.43e-153	553	8204	326
4f385cc634e3b24fdba75a6a8f053747c8e7476c	gi|1188235792|gb|KX117960.1|	97.239	326	9	0	1	326	2150	2475	8.43e-153	553	8204	326
4f385cc634e3b24fdba75a6a8f053747c8e7476c	gi|1188235330|gb|KX117927.1|	97.239	326	9	0	1	326	2150	2475	8.43e-153	553	8204	326
4f385cc634e3b24fdba75a6a8f053747c8e7476c	gi|1188235260|gb|KX117922.1|	97.239	326	9	0	1	326	2150	2475	8.43e-153	553	8204	326
4f385cc634e3b24fdba75a6a8f053747c8e7476c	gi|1275605613|dbj|AP018419.1|	97.239	326	9	0	1	326	2150	2475	8.43e-153	553	980387	326
4f385cc634e3b24fdba75a6a8f053747c8e7476c	gi|807131489|gb|KP237972.1|	97.239	326	9	0	1	326	125	450	8.43e-153	553	1638160	326
4f385cc634e3b24fdba75a6a8f053747c8e7476c	gi|874508174|gb|KT004433.1|	97.239	326	9	0	1	326	2152	2477	8.43e-153	553	980417	326
4f385cc634e3b24fdba75a6a8f053747c8e7476c	gi|902686493|ref|NC_027588.1|	97.239	326	9	0	1	326	2152	2477	8.43e-153	553	980417	326
4f385cc634e3b24fdba75a6a8f053747c8e7476c	gi|156765953|ref|NC_009773.1|	97.239	326	9	0	1	326	2150	2475	8.43e-153	553	8204	326
4f385cc634e3b24fdba75a6a8f053747c8e7476c	gi|2216790261|gb|MT621232.1|	97.239	326	9	0	1	326	2152	2477	8.43e-153	553	476920	326
4f385cc634e3b24fdba75a6a8f053747c8e7476c	gi|2216790233|gb|MT627596.1|	97.239	326	9	0	1	326	2151	2476	8.43e-153	553	986104	326
4f385cc634e3b24fdba75a6a8f053747c8e7476c	gi|2228970367|ref|NC_062695.1|	97.239	326	9	0	1	326	2151	2476	8.43e-153	553	986104	326
4f385cc634e3b24fdba75a6a8f053747c8e7476c	gi|662170189|gb|KF366338.1|	97.239	326	9	0	1	326	125	450	8.43e-153	553	433395	326
4f385cc634e3b24fdba75a6a8f053747c8e7476c	gi|662170182|gb|KF366331.1|	97.239	326	9	0	1	326	125	450	8.43e-153	553	476920	326
4f385cc634e3b24fdba75a6a8f053747c8e7476c	gi|661786429|gb|KJ879088.1|	97.239	326	9	0	1	326	92	417	8.43e-153	553	557414	326
4f385cc634e3b24fdba75a6a8f053747c8e7476c	gi|588264343|gb|KJ010743.1|	97.239	326	9	0	1	326	92	417	8.43e-153	553	557414	326
4f385cc634e3b24fdba75a6a8f053747c8e7476c	gi|588264248|gb|KJ010648.1|	97.239	326	9	0	1	326	92	417	8.43e-153	553	557414	326
4f385cc634e3b24fdba75a6a8f053747c8e7476c	gi|525457508|gb|KC748068.1|	97.239	326	9	0	1	326	128	453	8.43e-153	553	1358737	326
4f385cc634e3b24fdba75a6a8f053747c8e7476c	gi|525457498|gb|KC748058.1|	97.239	326	9	0	1	326	128	453	8.43e-153	553	986104	326
4f385cc634e3b24fdba75a6a8f053747c8e7476c	gi|402122639|gb|JN816390.1|	97.248	327	7	2	1	326	125	450	8.43e-153	553	57780	326
4f385cc634e3b24fdba75a6a8f053747c8e7476c	gi|327197030|gb|JF343946.1|	97.239	326	9	0	1	326	125	450	8.43e-153	553	986104;986105	326
4f385cc634e3b24fdba75a6a8f053747c8e7476c	gi|365266528|gb|HQ873668.1|	97.239	326	9	0	1	326	125	450	8.43e-153	553	1049575	326
4f385cc634e3b24fdba75a6a8f053747c8e7476c	gi|365266526|gb|HQ873666.1|	97.239	326	9	0	1	326	125	450	8.43e-153	553	980387	326
4f385cc634e3b24fdba75a6a8f053747c8e7476c	gi|365266523|gb|HQ873663.1|	97.239	326	9	0	1	326	125	450	8.43e-153	553	1127570	326
4f385cc634e3b24fdba75a6a8f053747c8e7476c	gi|228481214|gb|FJ887753.1|	97.239	326	9	0	1	326	125	450	8.43e-153	553	641279	326
4f385cc634e3b24fdba75a6a8f053747c8e7476c	gi|146160759|gb|EF427916.1|	97.239	326	9	0	1	326	2150	2475	8.43e-153	553	8204	326
4f385cc634e3b24fdba75a6a8f053747c8e7476c	gi|134261267|gb|EF458460.1|	97.239	326	9	0	1	326	122	447	8.43e-153	553	320615	326
4f385cc634e3b24fdba75a6a8f053747c8e7476c	gi|126544563|gb|EF119323.1|	97.239	326	9	0	1	326	122	447	8.43e-153	553	428036	326
4f385cc634e3b24fdba75a6a8f053747c8e7476c	gi|228481210|gb|FJ887749.1|	96.933	326	10	0	1	326	125	450	1.09e-151	549	428036	326
4f385cc634e3b24fdba75a6a8f053747c8e7476c	gi|1812094577|ref|NC_045921.1|	96.933	326	10	0	1	326	2150	2475	3.92e-151	547	476928	326
4f385cc634e3b24fdba75a6a8f053747c8e7476c	gi|1790179654|dbj|LC493930.1|	96.933	326	10	0	1	326	2148	2473	3.92e-151	547	479980	326
4f385cc634e3b24fdba75a6a8f053747c8e7476c	gi|1790179515|dbj|LC493920.1|	96.933	326	10	0	1	326	2152	2477	3.92e-151	547	1266874	326
4f385cc634e3b24fdba75a6a8f053747c8e7476c	gi|1790179266|dbj|LC493902.1|	96.933	326	10	0	1	326	2150	2475	3.92e-151	547	8204	326
4f385cc634e3b24fdba75a6a8f053747c8e7476c	gi|1783497572|ref|NC_045382.1|	96.933	326	10	0	1	326	2152	2477	3.92e-151	547	291111	326
4f385cc634e3b24fdba75a6a8f053747c8e7476c	gi|1398520405|ref|NC_037609.1|	96.933	326	10	0	1	326	2150	2475	3.92e-151	547	65739	326
4f385cc634e3b24fdba75a6a8f053747c8e7476c	gi|1084353626|gb|KX118040.1|	96.933	326	10	0	1	326	2149	2474	3.92e-151	547	425520	326
4f385cc634e3b24fdba75a6a8f053747c8e7476c	gi|1084353374|gb|KX118022.1|	96.933	326	10	0	1	326	2150	2475	3.92e-151	547	65739	326
4f385cc634e3b24fdba75a6a8f053747c8e7476c	gi|1084353360|gb|KX118021.1|	96.933	326	10	0	1	326	2150	2475	3.92e-151	547	65739	326
4f385cc634e3b24fdba75a6a8f053747c8e7476c	gi|1084353346|gb|KX118020.1|	96.933	326	10	0	1	326	2150	2475	3.92e-151	547	65739	326
4f385cc634e3b24fdba75a6a8f053747c8e7476c	gi|1084353332|gb|KX118019.1|	96.933	326	10	0	1	326	2150	2475	3.92e-151	547	65739	326
4f385cc634e3b24fdba75a6a8f053747c8e7476c	gi|1084353304|gb|KX118017.1|	96.933	326	10	0	1	326	2150	2475	3.92e-151	547	65739	326
4f385cc634e3b24fdba75a6a8f053747c8e7476c	gi|1084353290|gb|KX118016.1|	96.933	326	10	0	1	326	2150	2475	3.92e-151	547	65739	326
4f385cc634e3b24fdba75a6a8f053747c8e7476c	gi|1084353276|gb|KX118015.1|	96.933	326	10	0	1	326	2150	2475	3.92e-151	547	65739	326
4f385cc634e3b24fdba75a6a8f053747c8e7476c	gi|1084353262|gb|KX118014.1|	96.933	326	10	0	1	326	2150	2475	3.92e-151	547	65739	326
4f385cc634e3b24fdba75a6a8f053747c8e7476c	gi|1084353248|gb|KX118013.1|	96.933	326	10	0	1	326	2150	2475	3.92e-151	547	65739	326
4f385cc634e3b24fdba75a6a8f053747c8e7476c	gi|1084353234|gb|KX118012.1|	96.933	326	10	0	1	326	2150	2475	3.92e-151	547	65739	326
4f385cc634e3b24fdba75a6a8f053747c8e7476c	gi|1084353220|gb|KX118011.1|	96.933	326	10	0	1	326	2150	2475	3.92e-151	547	65739	326
4f385cc634e3b24fdba75a6a8f053747c8e7476c	gi|1084353206|gb|KX118010.1|	96.933	326	10	0	1	326	2150	2475	3.92e-151	547	65739	326
4f385cc634e3b24fdba75a6a8f053747c8e7476c	gi|1084353192|gb|KX118009.1|	96.933	326	10	0	1	326	2150	2475	3.92e-151	547	65739	326
4f385cc634e3b24fdba75a6a8f053747c8e7476c	gi|1084353178|gb|KX118008.1|	96.933	326	10	0	1	326	2150	2475	3.92e-151	547	65739	326
4f385cc634e3b24fdba75a6a8f053747c8e7476c	gi|1084353164|gb|KX118007.1|	96.933	326	10	0	1	326	2150	2475	3.92e-151	547	65739	326
4f385cc634e3b24fdba75a6a8f053747c8e7476c	gi|1084353150|gb|KX118006.1|	96.933	326	10	0	1	326	2150	2475	3.92e-151	547	65739	326
4f385cc634e3b24fdba75a6a8f053747c8e7476c	gi|1188236422|gb|KX118005.1|	96.933	326	10	0	1	326	2150	2475	3.92e-151	547	8204	326
4f385cc634e3b24fdba75a6a8f053747c8e7476c	gi|1188236408|gb|KX118004.1|	96.933	326	10	0	1	326	2150	2475	3.92e-151	547	8204	326
4f385cc634e3b24fdba75a6a8f053747c8e7476c	gi|1188236394|gb|KX118003.1|	96.933	326	10	0	1	326	2150	2475	3.92e-151	547	8204	326
4f385cc634e3b24fdba75a6a8f053747c8e7476c	gi|1188236380|gb|KX118002.1|	96.933	326	10	0	1	326	2150	2475	3.92e-151	547	8204	326
4f385cc634e3b24fdba75a6a8f053747c8e7476c	gi|1188236366|gb|KX118001.1|	96.933	326	10	0	1	326	2150	2475	3.92e-151	547	8204	326
4f385cc634e3b24fdba75a6a8f053747c8e7476c	gi|1188236352|gb|KX118000.1|	96.933	326	10	0	1	326	2150	2475	3.92e-151	547	8204	326
4f385cc634e3b24fdba75a6a8f053747c8e7476c	gi|1188236338|gb|KX117999.1|	96.933	326	10	0	1	326	2150	2475	3.92e-151	547	8204	326
4f385cc634e3b24fdba75a6a8f053747c8e7476c	gi|1188236324|gb|KX117998.1|	96.933	326	10	0	1	326	2150	2475	3.92e-151	547	8204	326
4f385cc634e3b24fdba75a6a8f053747c8e7476c	gi|1188236310|gb|KX117997.1|	96.933	326	10	0	1	326	2150	2475	3.92e-151	547	8204	326
4f385cc634e3b24fdba75a6a8f053747c8e7476c	gi|1188236296|gb|KX117996.1|	96.933	326	10	0	1	326	2150	2475	3.92e-151	547	8204	326
4f385cc634e3b24fdba75a6a8f053747c8e7476c	gi|2235262324|ref|NC_063112.1|	96.933	326	10	0	1	326	2153	2478	3.92e-151	547	1317005	326
4f385cc634e3b24fdba75a6a8f053747c8e7476c	gi|2216790317|gb|MT621236.1|	96.933	326	10	0	1	326	2149	2474	3.92e-151	547	1317004	326
4f385cc634e3b24fdba75a6a8f053747c8e7476c	gi|2228970500|ref|NC_062698.1|	96.933	326	10	0	1	326	2151	2476	3.92e-151	547	1317004	326
4f385cc634e3b24fdba75a6a8f053747c8e7476c	gi|2216790247|gb|MT621231.1|	96.933	326	10	0	1	326	2152	2477	3.92e-151	547	291111	326
4f385cc634e3b24fdba75a6a8f053747c8e7476c	gi|2095140081|gb|OK135322.1|	96.933	326	10	0	1	326	1063	1388	3.92e-151	547	428036	326
4f385cc634e3b24fdba75a6a8f053747c8e7476c	gi|2084982255|gb|MT345889.1|	96.933	326	10	0	1	326	2151	2476	3.92e-151	547	476928	326
4f385cc634e3b24fdba75a6a8f053747c8e7476c	gi|1898139894|gb|MT410929.1|	96.933	326	10	0	1	326	2150	2475	3.92e-151	547	8204	326
4f385cc634e3b24fdba75a6a8f053747c8e7476c	gi|1896498891|gb|MT410893.1|	96.933	326	10	0	1	326	2152	2477	3.92e-151	547	1266874	326
7f2416f1e4e578245769da86bf6977e9929683d7	gi|164420935|ref|NC_010201.1|	97.778	45	1	0	158	202	1837	1881	6.98e-10	78.7	178514	363
7f2416f1e4e578245769da86bf6977e9929683d7	gi|158668059|gb|EU237474.1|	97.778	45	1	0	158	202	1837	1881	6.98e-10	78.7	178514	363
cdac65023b5ea72a8111672c89d972c325037c91	gi|1593549720|ref|NC_041097.1|	98.880	357	4	0	33	389	2108	2464	2.75e-178	638	239368	389
cdac65023b5ea72a8111672c89d972c325037c91	gi|476006495|gb|KC208620.1|	98.880	357	4	0	33	389	94	450	2.75e-178	638	239368	389
cdac65023b5ea72a8111672c89d972c325037c91	gi|410708871|gb|JQ398413.1|	98.880	357	4	0	33	389	24	380	2.75e-178	638	239368	389
cdac65023b5ea72a8111672c89d972c325037c91	gi|169238180|emb|AM911213.1|	98.880	357	4	0	33	389	70	426	2.75e-178	638	239368	389
cdac65023b5ea72a8111672c89d972c325037c91	gi|158633610|gb|EU099500.1|	98.880	357	4	0	33	389	48	404	2.75e-178	638	239368	389
cdac65023b5ea72a8111672c89d972c325037c91	gi|158633608|gb|EU099498.1|	98.880	357	4	0	33	389	48	404	2.75e-178	638	81875	389
cdac65023b5ea72a8111672c89d972c325037c91	gi|134261166|gb|EF458391.1|	98.880	357	4	0	33	389	93	449	2.75e-178	638	239368	389
cdac65023b5ea72a8111672c89d972c325037c91	gi|134261165|gb|EF458390.1|	98.880	357	4	0	33	389	93	449	2.75e-178	638	239368	389
cdac65023b5ea72a8111672c89d972c325037c91	gi|109627632|dbj|AB246182.1|	98.880	357	4	0	33	389	70	426	2.75e-178	638	239368	389
cdac65023b5ea72a8111672c89d972c325037c91	gi|33149686|gb|AY328468.1|	98.880	357	4	0	33	389	70	426	2.75e-178	638	239368	389
cdac65023b5ea72a8111672c89d972c325037c91	gi|699027315|gb|KM248712.1|	98.870	354	4	0	33	386	30	383	1.28e-176	632	239368	389
cdac65023b5ea72a8111672c89d972c325037c91	gi|476006496|gb|KC208621.1|	98.599	357	5	0	33	389	94	450	1.28e-176	632	239368	389
cdac65023b5ea72a8111672c89d972c325037c91	gi|410708874|gb|JQ398416.1|	98.599	357	5	0	33	389	24	380	1.28e-176	632	239368	389
cdac65023b5ea72a8111672c89d972c325037c91	gi|410708872|gb|JQ398414.1|	98.599	357	5	0	33	389	24	380	1.28e-176	632	239368	389
cdac65023b5ea72a8111672c89d972c325037c91	gi|134261164|gb|EF458389.1|	98.599	357	5	0	33	389	93	449	1.28e-176	632	239368	389
cdac65023b5ea72a8111672c89d972c325037c91	gi|117671473|gb|DQ912072.1|	98.599	357	5	0	33	389	856	1212	1.28e-176	632	239368	389
cdac65023b5ea72a8111672c89d972c325037c91	gi|699027314|gb|KM248711.1|	98.857	350	4	0	33	382	16	365	2.14e-174	625	239368	389
cdac65023b5ea72a8111672c89d972c325037c91	gi|699027327|gb|KM248724.1|	98.837	344	4	0	33	376	33	376	4.64e-171	614	239368	389
cdac65023b5ea72a8111672c89d972c325037c91	gi|699027322|gb|KM248719.1|	98.837	344	4	0	33	376	28	371	4.64e-171	614	239368	389
cdac65023b5ea72a8111672c89d972c325037c91	gi|699027320|gb|KM248717.1|	98.837	344	4	0	33	376	28	371	4.64e-171	614	239368	389
cdac65023b5ea72a8111672c89d972c325037c91	gi|699027313|gb|KM248710.1|	98.837	344	4	0	33	376	30	373	4.64e-171	614	239368	389
cdac65023b5ea72a8111672c89d972c325037c91	gi|699027328|gb|KM248725.1|	98.834	343	4	0	33	375	33	375	1.67e-170	612	239368	389
cdac65023b5ea72a8111672c89d972c325037c91	gi|699027325|gb|KM248722.1|	98.834	343	4	0	33	375	30	372	1.67e-170	612	239368	389
cdac65023b5ea72a8111672c89d972c325037c91	gi|699027326|gb|KM248723.1|	98.830	342	4	0	33	374	24	365	6.00e-170	610	239368	389
cdac65023b5ea72a8111672c89d972c325037c91	gi|699027323|gb|KM248720.1|	98.830	342	4	0	33	374	32	373	6.00e-170	610	239368	389
cdac65023b5ea72a8111672c89d972c325037c91	gi|699027317|gb|KM248714.1|	98.820	339	4	0	33	371	28	366	2.79e-168	604	239368	389
cdac65023b5ea72a8111672c89d972c325037c91	gi|699027318|gb|KM248715.1|	99.373	319	2	0	68	386	1	319	1.69e-160	579	239368	389
cdac65023b5ea72a8111672c89d972c325037c91	gi|699027319|gb|KM248716.1|	99.683	315	1	0	61	375	1	315	6.09e-160	577	239368	389
cdac65023b5ea72a8111672c89d972c325037c91	gi|410708856|gb|JQ398398.1|	95.798	357	15	0	33	389	24	380	6.09e-160	577	1249487	389
cdac65023b5ea72a8111672c89d972c325037c91	gi|699027324|gb|KM248721.1|	99.677	310	1	0	63	372	1	310	3.67e-157	568	239368	389
cdac65023b5ea72a8111672c89d972c325037c91	gi|1182626398|gb|KX234645.1|	95.251	358	16	1	33	389	817	1174	1.32e-156	566	349311	389
cdac65023b5ea72a8111672c89d972c325037c91	gi|410708868|gb|JQ398410.1|	95.238	357	17	0	33	389	24	380	1.32e-156	566	714659	389
cdac65023b5ea72a8111672c89d972c325037c91	gi|194338380|gb|EU848445.1|	95.251	358	16	1	33	389	91	448	1.32e-156	566	349311	389
cdac65023b5ea72a8111672c89d972c325037c91	gi|117671485|gb|DQ912084.1|	95.238	357	17	0	33	389	857	1213	1.32e-156	566	411575	389
cdac65023b5ea72a8111672c89d972c325037c91	gi|1325803902|dbj|AP017957.1|	94.972	358	17	1	33	389	2110	2467	6.13e-155	560	42892	389
cdac65023b5ea72a8111672c89d972c325037c91	gi|344944294|gb|JN103416.1|	94.972	358	17	1	33	389	92	449	6.13e-155	560	184585	389
cdac65023b5ea72a8111672c89d972c325037c91	gi|344944282|gb|JN103404.1|	94.972	358	17	1	33	389	92	449	6.13e-155	560	184585	389
cdac65023b5ea72a8111672c89d972c325037c91	gi|344944271|gb|JN103393.1|	94.972	358	17	1	33	389	92	449	6.13e-155	560	184585	389
cdac65023b5ea72a8111672c89d972c325037c91	gi|380509243|gb|JQ178225.1|	94.972	358	17	1	33	389	100	457	6.13e-155	560	42892	389
cdac65023b5ea72a8111672c89d972c325037c91	gi|375151139|emb|FR851415.1|	94.972	358	17	1	33	389	90	447	6.13e-155	560	42892	389
cdac65023b5ea72a8111672c89d972c325037c91	gi|255985128|gb|GQ365274.1|	94.972	358	17	1	33	389	90	447	6.13e-155	560	349311	389
cdac65023b5ea72a8111672c89d972c325037c91	gi|117671478|gb|DQ912077.1|	94.958	357	18	0	33	389	857	1213	6.13e-155	560	224718	389
cdac65023b5ea72a8111672c89d972c325037c91	gi|930596478|dbj|LC074455.1|	94.693	358	18	1	33	389	40	397	2.85e-153	555	282529	389
cdac65023b5ea72a8111672c89d972c325037c91	gi|410708869|gb|JQ398411.1|	94.678	357	19	0	33	389	24	380	2.85e-153	555	714659	389
cdac65023b5ea72a8111672c89d972c325037c91	gi|410708866|gb|JQ398408.1|	94.678	357	19	0	33	389	24	380	2.85e-153	555	714659	389
cdac65023b5ea72a8111672c89d972c325037c91	gi|344944284|gb|JN103406.1|	94.693	358	18	1	33	389	92	449	2.85e-153	555	184585	389
cdac65023b5ea72a8111672c89d972c325037c91	gi|344944283|gb|JN103405.1|	94.693	358	18	1	33	389	92	449	2.85e-153	555	184585	389
cdac65023b5ea72a8111672c89d972c325037c91	gi|344944280|gb|JN103402.1|	94.693	358	18	1	33	389	92	449	2.85e-153	555	184585	389
cdac65023b5ea72a8111672c89d972c325037c91	gi|344944268|gb|JN103390.1|	94.693	358	18	1	33	389	92	449	2.85e-153	555	184585	389
cdac65023b5ea72a8111672c89d972c325037c91	gi|256858046|gb|GQ412304.1|	94.693	358	18	1	33	389	90	447	2.85e-153	555	349311	389
cdac65023b5ea72a8111672c89d972c325037c91	gi|169238181|emb|AM911214.1|	94.693	358	18	1	33	389	70	427	2.85e-153	555	42892	389
cdac65023b5ea72a8111672c89d972c325037c91	gi|169238179|emb|AM911212.1|	94.693	358	18	1	33	389	70	427	2.85e-153	555	184585	389
cdac65023b5ea72a8111672c89d972c325037c91	gi|167460360|gb|EU410420.1|	94.693	358	18	1	33	389	99	456	2.85e-153	555	184585	389
cdac65023b5ea72a8111672c89d972c325037c91	gi|117671486|gb|DQ912085.1|	94.693	358	18	1	33	389	858	1215	2.85e-153	555	411576	389
cdac65023b5ea72a8111672c89d972c325037c91	gi|117671467|gb|DQ912066.1|	94.693	358	18	1	33	389	854	1211	2.85e-153	555	184585	389
cdac65023b5ea72a8111672c89d972c325037c91	gi|109627631|dbj|AB246181.1|	94.693	358	18	1	33	389	70	427	2.85e-153	555	42892	389
cdac65023b5ea72a8111672c89d972c325037c91	gi|1015569074|dbj|LC041367.1|	94.648	355	18	1	33	386	90	444	1.33e-151	549	42892	389
cdac65023b5ea72a8111672c89d972c325037c91	gi|15451803|ref|NC_003097.1|	94.413	358	19	1	33	389	2110	2467	1.33e-151	549	42892	389
cdac65023b5ea72a8111672c89d972c325037c91	gi|730942435|gb|KF765500.2|	94.413	358	19	1	33	389	2110	2467	1.33e-151	549	42892	389
cdac65023b5ea72a8111672c89d972c325037c91	gi|410708870|gb|JQ398412.1|	94.398	357	20	0	33	389	24	380	1.33e-151	549	714659	389
cdac65023b5ea72a8111672c89d972c325037c91	gi|410708851|gb|JQ398393.1|	94.413	358	18	2	33	389	24	380	1.33e-151	549	1249488;1249489	389
cdac65023b5ea72a8111672c89d972c325037c91	gi|344944296|gb|JN103418.1|	94.413	358	19	1	33	389	92	449	1.33e-151	549	184585	389
cdac65023b5ea72a8111672c89d972c325037c91	gi|344944295|gb|JN103417.1|	94.413	358	19	1	33	389	92	449	1.33e-151	549	184585	389
cdac65023b5ea72a8111672c89d972c325037c91	gi|344944292|gb|JN103414.1|	94.413	358	19	1	33	389	92	449	1.33e-151	549	184585	389
cdac65023b5ea72a8111672c89d972c325037c91	gi|344944278|gb|JN103400.1|	94.413	358	19	1	33	389	92	449	1.33e-151	549	184585	389
cdac65023b5ea72a8111672c89d972c325037c91	gi|344944276|gb|JN103398.1|	94.413	358	19	1	33	389	92	449	1.33e-151	549	184585	389
cdac65023b5ea72a8111672c89d972c325037c91	gi|344944275|gb|JN103397.1|	94.413	358	18	2	33	389	92	448	1.33e-151	549	184585	389
cdac65023b5ea72a8111672c89d972c325037c91	gi|344944272|gb|JN103394.1|	94.413	358	19	1	33	389	92	449	1.33e-151	549	184585	389
cdac65023b5ea72a8111672c89d972c325037c91	gi|315019132|gb|HQ592224.1|	94.413	358	19	1	33	389	74	431	1.33e-151	549	42892	389
cdac65023b5ea72a8111672c89d972c325037c91	gi|289546324|gb|GU324162.1|	94.413	358	19	1	33	389	88	445	1.33e-151	549	184585	389
cdac65023b5ea72a8111672c89d972c325037c91	gi|259122007|gb|GQ485306.1|	94.413	358	19	1	33	389	57	414	1.33e-151	549	184585	389
cdac65023b5ea72a8111672c89d972c325037c91	gi|15430495|dbj|AB040676.1|	94.413	358	19	1	33	389	2110	2467	1.33e-151	549	42892	389
cdac65023b5ea72a8111672c89d972c325037c91	gi|158633560|gb|EU099450.1|	94.398	357	19	1	33	389	103	458	4.77e-151	547	332922	389
cdac65023b5ea72a8111672c89d972c325037c91	gi|117671472|gb|DQ912071.1|	94.398	357	19	1	33	389	857	1212	4.77e-151	547	332922	389
cdac65023b5ea72a8111672c89d972c325037c91	gi|699027312|gb|KM248709.1|	98.697	307	4	0	33	339	44	350	1.72e-150	545	239368	389
cdac65023b5ea72a8111672c89d972c325037c91	gi|148922600|ref|NC_009581.1|	94.134	358	19	2	33	389	2110	2466	6.18e-150	544	184585	389
cdac65023b5ea72a8111672c89d972c325037c91	gi|651209368|gb|KJ128765.1|	94.134	358	19	2	33	389	70	426	6.18e-150	544	184585	389
cdac65023b5ea72a8111672c89d972c325037c91	gi|476006500|gb|KC208625.1|	94.134	358	20	1	33	389	94	451	6.18e-150	544	1310237	389
cdac65023b5ea72a8111672c89d972c325037c91	gi|410708863|gb|JQ398405.1|	94.134	358	19	2	33	389	24	380	6.18e-150	544	1150436	389
cdac65023b5ea72a8111672c89d972c325037c91	gi|410708847|gb|JQ398389.1|	94.134	358	19	2	33	389	24	380	6.18e-150	544	1150432	389
cdac65023b5ea72a8111672c89d972c325037c91	gi|410708846|gb|JQ398388.1|	94.134	358	19	2	33	389	24	380	6.18e-150	544	1150432	389
cdac65023b5ea72a8111672c89d972c325037c91	gi|344944297|gb|JN103419.1|	94.134	358	19	2	33	389	92	448	6.18e-150	544	184585	389
cdac65023b5ea72a8111672c89d972c325037c91	gi|344944290|gb|JN103412.1|	94.134	358	19	2	33	389	92	448	6.18e-150	544	184585	389
cdac65023b5ea72a8111672c89d972c325037c91	gi|344944287|gb|JN103409.1|	94.134	358	19	2	33	389	92	448	6.18e-150	544	184585	389
cdac65023b5ea72a8111672c89d972c325037c91	gi|344944281|gb|JN103403.1|	94.134	358	19	2	33	389	92	448	6.18e-150	544	184585	389
cdac65023b5ea72a8111672c89d972c325037c91	gi|344944279|gb|JN103401.1|	94.134	358	19	2	33	389	92	448	6.18e-150	544	184585	389
cdac65023b5ea72a8111672c89d972c325037c91	gi|344944273|gb|JN103395.1|	94.134	358	19	2	33	389	92	448	6.18e-150	544	184585	389
cdac65023b5ea72a8111672c89d972c325037c91	gi|344944269|gb|JN103391.1|	94.134	358	19	2	33	389	92	448	6.18e-150	544	184585	389
cdac65023b5ea72a8111672c89d972c325037c91	gi|375151107|emb|FR849575.1|	94.134	358	19	2	33	389	90	446	6.18e-150	544	184585	389
cdac65023b5ea72a8111672c89d972c325037c91	gi|184073579|gb|EU552726.1|	94.134	358	19	2	33	389	82	438	6.18e-150	544	184585	389
cdac65023b5ea72a8111672c89d972c325037c91	gi|169238178|emb|AM911211.1|	94.134	358	19	2	33	389	70	426	6.18e-150	544	184585	389
cdac65023b5ea72a8111672c89d972c325037c91	gi|169238176|emb|AM911209.1|	94.134	358	19	2	33	389	70	426	6.18e-150	544	184585	389
cdac65023b5ea72a8111672c89d972c325037c91	gi|148762576|dbj|AP009137.1|	94.134	358	19	2	33	389	2110	2466	6.18e-150	544	184585	389
cdac65023b5ea72a8111672c89d972c325037c91	gi|57229659|gb|AY846745.1|	94.134	358	19	2	33	389	24	380	6.18e-150	544	307589	389
cdac65023b5ea72a8111672c89d972c325037c91	gi|1005664375|gb|KU510488.1|	93.855	358	20	2	33	389	44	400	2.87e-148	538	1814133	389
cdac65023b5ea72a8111672c89d972c325037c91	gi|344944293|gb|JN103415.1|	93.855	358	20	2	33	389	92	448	2.87e-148	538	184585	389
cdac65023b5ea72a8111672c89d972c325037c91	gi|344944291|gb|JN103413.1|	93.855	358	20	2	33	389	92	448	2.87e-148	538	184585	389
cdac65023b5ea72a8111672c89d972c325037c91	gi|344944289|gb|JN103411.1|	93.855	358	20	2	33	389	92	448	2.87e-148	538	184585	389
cdac65023b5ea72a8111672c89d972c325037c91	gi|344944286|gb|JN103408.1|	93.855	358	20	2	33	389	92	448	2.87e-148	538	184585	389
cdac65023b5ea72a8111672c89d972c325037c91	gi|344944285|gb|JN103407.1|	93.855	358	20	2	33	389	92	448	2.87e-148	538	184585	389
da420c4e9531c86082ad66a00796ba1c5abd3274	gi|55978947|gb|AY800275.1|	98.466	326	4	1	1	326	56	380	6.47e-159	573	301822	326
da420c4e9531c86082ad66a00796ba1c5abd3274	gi|228481209|gb|FJ887748.1|	97.546	326	8	0	1	326	125	450	1.81e-154	558	320590	326
da420c4e9531c86082ad66a00796ba1c5abd3274	gi|134261287|gb|EF458480.1|	97.546	326	8	0	1	326	122	447	1.81e-154	558	320590	326
da420c4e9531c86082ad66a00796ba1c5abd3274	gi|61970263|gb|AY958602.1|	97.546	326	8	0	1	326	83	408	1.81e-154	558	320590	326
da420c4e9531c86082ad66a00796ba1c5abd3274	gi|525457505|gb|KC748065.1|	97.239	326	9	0	1	326	128	453	8.43e-153	553	557408	326
da420c4e9531c86082ad66a00796ba1c5abd3274	gi|62123273|gb|AY958622.1|	97.239	326	9	0	1	326	79	404	8.43e-153	553	320615	326
da420c4e9531c86082ad66a00796ba1c5abd3274	gi|1790179294|dbj|LC493904.1|	96.933	326	10	0	1	326	2152	2477	3.92e-151	547	980417	326
da420c4e9531c86082ad66a00796ba1c5abd3274	gi|2228970450|ref|NC_062697.1|	96.933	326	10	0	1	326	2150	2475	3.92e-151	547	1049578	326
da420c4e9531c86082ad66a00796ba1c5abd3274	gi|2216790191|gb|MT561269.1|	96.933	326	10	0	1	326	2149	2474	3.92e-151	547	470928	326
da420c4e9531c86082ad66a00796ba1c5abd3274	gi|2228970333|ref|NC_062694.1|	96.933	326	10	0	1	326	2149	2474	3.92e-151	547	470928	326
da420c4e9531c86082ad66a00796ba1c5abd3274	gi|2192928254|ref|NC_060630.1|	96.942	327	9	1	1	326	2151	2477	3.92e-151	547	980385	326
da420c4e9531c86082ad66a00796ba1c5abd3274	gi|662170187|gb|KF366336.1|	96.942	327	9	1	1	326	125	451	3.92e-151	547	980385	326
da420c4e9531c86082ad66a00796ba1c5abd3274	gi|662170186|gb|KF366335.1|	96.933	326	10	0	1	326	125	450	3.92e-151	547	557408	326
da420c4e9531c86082ad66a00796ba1c5abd3274	gi|588264245|gb|KJ010645.1|	96.933	326	10	0	1	326	92	417	3.92e-151	547	433379	326
da420c4e9531c86082ad66a00796ba1c5abd3274	gi|588264244|gb|KJ010644.1|	96.933	326	10	0	1	326	92	417	3.92e-151	547	433379	326
da420c4e9531c86082ad66a00796ba1c5abd3274	gi|2073950700|gb|MT006232.1|	96.933	326	10	0	1	326	2149	2474	3.92e-151	547	476930	326
da420c4e9531c86082ad66a00796ba1c5abd3274	gi|525457507|gb|KC748067.1|	96.933	326	10	0	1	326	128	453	3.92e-151	547	476930	326
da420c4e9531c86082ad66a00796ba1c5abd3274	gi|525457499|gb|KC748059.1|	96.933	326	10	0	1	326	128	453	3.92e-151	547	1317002	326
da420c4e9531c86082ad66a00796ba1c5abd3274	gi|525457497|gb|KC748057.1|	96.942	327	9	1	1	326	128	454	3.92e-151	547	1358729	326
da420c4e9531c86082ad66a00796ba1c5abd3274	gi|402122795|gb|JQ417850.1|	96.933	326	10	0	1	326	125	450	3.92e-151	547	1049578	326
da420c4e9531c86082ad66a00796ba1c5abd3274	gi|374669440|gb|JN591562.1|	96.933	326	10	0	1	326	125	450	3.92e-151	547	980344;1049573	326
da420c4e9531c86082ad66a00796ba1c5abd3274	gi|327197024|gb|JF343940.1|	96.933	326	10	0	1	326	125	450	3.92e-151	547	476930	326
da420c4e9531c86082ad66a00796ba1c5abd3274	gi|365266527|gb|HQ873667.1|	96.933	326	10	0	1	326	125	450	3.92e-151	547	980417	326
da420c4e9531c86082ad66a00796ba1c5abd3274	gi|1898139782|gb|MT410903.1|	96.933	326	10	0	1	326	2152	2477	3.92e-151	547	980417	326
da420c4e9531c86082ad66a00796ba1c5abd3274	gi|228481211|gb|FJ887750.1|	96.933	326	10	0	1	326	125	450	3.92e-151	547	476930	326
da420c4e9531c86082ad66a00796ba1c5abd3274	gi|209961946|gb|EU741791.1|	96.933	326	10	0	1	326	125	450	3.92e-151	547	283367;470928	326
da420c4e9531c86082ad66a00796ba1c5abd3274	gi|134261130|gb|EF458355.1|	96.933	326	10	0	1	326	122	447	3.92e-151	547	433379	326
da420c4e9531c86082ad66a00796ba1c5abd3274	gi|807131486|gb|KP237969.1|	96.626	326	11	0	1	326	125	450	5.07e-150	544	1317002	326
da420c4e9531c86082ad66a00796ba1c5abd3274	gi|1829772799|ref|NC_046850.1|	96.626	326	11	0	1	326	2152	2477	1.83e-149	542	476920	326
da420c4e9531c86082ad66a00796ba1c5abd3274	gi|1790179848|dbj|LC495485.1|	96.626	326	11	0	1	326	2150	2475	1.83e-149	542	980387	326
da420c4e9531c86082ad66a00796ba1c5abd3274	gi|1188235834|gb|KX117963.1|	96.626	326	11	0	1	326	2150	2475	1.83e-149	542	8204	326
da420c4e9531c86082ad66a00796ba1c5abd3274	gi|1188235792|gb|KX117960.1|	96.626	326	11	0	1	326	2150	2475	1.83e-149	542	8204	326
da420c4e9531c86082ad66a00796ba1c5abd3274	gi|1188235330|gb|KX117927.1|	96.626	326	11	0	1	326	2150	2475	1.83e-149	542	8204	326
da420c4e9531c86082ad66a00796ba1c5abd3274	gi|1188235260|gb|KX117922.1|	96.626	326	11	0	1	326	2150	2475	1.83e-149	542	8204	326
da420c4e9531c86082ad66a00796ba1c5abd3274	gi|1275605613|dbj|AP018419.1|	96.626	326	11	0	1	326	2150	2475	1.83e-149	542	980387	326
da420c4e9531c86082ad66a00796ba1c5abd3274	gi|807131489|gb|KP237972.1|	96.626	326	11	0	1	326	125	450	1.83e-149	542	1638160	326
da420c4e9531c86082ad66a00796ba1c5abd3274	gi|874508174|gb|KT004433.1|	96.626	326	11	0	1	326	2152	2477	1.83e-149	542	980417	326
da420c4e9531c86082ad66a00796ba1c5abd3274	gi|902686493|ref|NC_027588.1|	96.626	326	11	0	1	326	2152	2477	1.83e-149	542	980417	326
da420c4e9531c86082ad66a00796ba1c5abd3274	gi|156765953|ref|NC_009773.1|	96.626	326	11	0	1	326	2150	2475	1.83e-149	542	8204	326
da420c4e9531c86082ad66a00796ba1c5abd3274	gi|2216790261|gb|MT621232.1|	96.626	326	11	0	1	326	2152	2477	1.83e-149	542	476920	326
da420c4e9531c86082ad66a00796ba1c5abd3274	gi|2216790233|gb|MT627596.1|	96.626	326	11	0	1	326	2151	2476	1.83e-149	542	986104	326
da420c4e9531c86082ad66a00796ba1c5abd3274	gi|2228970367|ref|NC_062695.1|	96.626	326	11	0	1	326	2151	2476	1.83e-149	542	986104	326
da420c4e9531c86082ad66a00796ba1c5abd3274	gi|662170189|gb|KF366338.1|	96.626	326	11	0	1	326	125	450	1.83e-149	542	433395	326
da420c4e9531c86082ad66a00796ba1c5abd3274	gi|662170182|gb|KF366331.1|	96.626	326	11	0	1	326	125	450	1.83e-149	542	476920	326
da420c4e9531c86082ad66a00796ba1c5abd3274	gi|661786429|gb|KJ879088.1|	96.626	326	11	0	1	326	92	417	1.83e-149	542	557414	326
da420c4e9531c86082ad66a00796ba1c5abd3274	gi|588264343|gb|KJ010743.1|	96.626	326	11	0	1	326	92	417	1.83e-149	542	557414	326
da420c4e9531c86082ad66a00796ba1c5abd3274	gi|588264248|gb|KJ010648.1|	96.626	326	11	0	1	326	92	417	1.83e-149	542	557414	326
da420c4e9531c86082ad66a00796ba1c5abd3274	gi|525457508|gb|KC748068.1|	96.626	326	11	0	1	326	128	453	1.83e-149	542	1358737	326
da420c4e9531c86082ad66a00796ba1c5abd3274	gi|525457498|gb|KC748058.1|	96.626	326	11	0	1	326	128	453	1.83e-149	542	986104	326
da420c4e9531c86082ad66a00796ba1c5abd3274	gi|402122639|gb|JN816390.1|	96.636	327	9	2	1	326	125	450	1.83e-149	542	57780	326
da420c4e9531c86082ad66a00796ba1c5abd3274	gi|327197030|gb|JF343946.1|	96.626	326	11	0	1	326	125	450	1.83e-149	542	986104;986105	326
da420c4e9531c86082ad66a00796ba1c5abd3274	gi|365266528|gb|HQ873668.1|	96.626	326	11	0	1	326	125	450	1.83e-149	542	1049575	326
da420c4e9531c86082ad66a00796ba1c5abd3274	gi|365266526|gb|HQ873666.1|	96.626	326	11	0	1	326	125	450	1.83e-149	542	980387	326
da420c4e9531c86082ad66a00796ba1c5abd3274	gi|365266523|gb|HQ873663.1|	96.626	326	11	0	1	326	125	450	1.83e-149	542	1127570	326
da420c4e9531c86082ad66a00796ba1c5abd3274	gi|228481214|gb|FJ887753.1|	96.626	326	11	0	1	326	125	450	1.83e-149	542	641279	326
da420c4e9531c86082ad66a00796ba1c5abd3274	gi|146160759|gb|EF427916.1|	96.626	326	11	0	1	326	2150	2475	1.83e-149	542	8204	326
da420c4e9531c86082ad66a00796ba1c5abd3274	gi|134261267|gb|EF458460.1|	96.626	326	11	0	1	326	122	447	1.83e-149	542	320615	326
da420c4e9531c86082ad66a00796ba1c5abd3274	gi|126544563|gb|EF119323.1|	96.626	326	11	0	1	326	122	447	1.83e-149	542	428036	326
da420c4e9531c86082ad66a00796ba1c5abd3274	gi|228481210|gb|FJ887749.1|	96.319	326	12	0	1	326	125	450	2.36e-148	538	428036	326
da420c4e9531c86082ad66a00796ba1c5abd3274	gi|1812094577|ref|NC_045921.1|	96.319	326	12	0	1	326	2150	2475	8.49e-148	536	476928	326
da420c4e9531c86082ad66a00796ba1c5abd3274	gi|1790179654|dbj|LC493930.1|	96.319	326	12	0	1	326	2148	2473	8.49e-148	536	479980	326
da420c4e9531c86082ad66a00796ba1c5abd3274	gi|1790179515|dbj|LC493920.1|	96.319	326	12	0	1	326	2152	2477	8.49e-148	536	1266874	326
da420c4e9531c86082ad66a00796ba1c5abd3274	gi|1790179266|dbj|LC493902.1|	96.319	326	12	0	1	326	2150	2475	8.49e-148	536	8204	326
da420c4e9531c86082ad66a00796ba1c5abd3274	gi|1783497572|ref|NC_045382.1|	96.319	326	12	0	1	326	2152	2477	8.49e-148	536	291111	326
da420c4e9531c86082ad66a00796ba1c5abd3274	gi|1398520405|ref|NC_037609.1|	96.319	326	12	0	1	326	2150	2475	8.49e-148	536	65739	326
da420c4e9531c86082ad66a00796ba1c5abd3274	gi|1084353626|gb|KX118040.1|	96.319	326	12	0	1	326	2149	2474	8.49e-148	536	425520	326
da420c4e9531c86082ad66a00796ba1c5abd3274	gi|1084353374|gb|KX118022.1|	96.319	326	12	0	1	326	2150	2475	8.49e-148	536	65739	326
da420c4e9531c86082ad66a00796ba1c5abd3274	gi|1084353360|gb|KX118021.1|	96.319	326	12	0	1	326	2150	2475	8.49e-148	536	65739	326
da420c4e9531c86082ad66a00796ba1c5abd3274	gi|1084353346|gb|KX118020.1|	96.319	326	12	0	1	326	2150	2475	8.49e-148	536	65739	326
da420c4e9531c86082ad66a00796ba1c5abd3274	gi|1084353332|gb|KX118019.1|	96.319	326	12	0	1	326	2150	2475	8.49e-148	536	65739	326
da420c4e9531c86082ad66a00796ba1c5abd3274	gi|1084353304|gb|KX118017.1|	96.319	326	12	0	1	326	2150	2475	8.49e-148	536	65739	326
da420c4e9531c86082ad66a00796ba1c5abd3274	gi|1084353290|gb|KX118016.1|	96.319	326	12	0	1	326	2150	2475	8.49e-148	536	65739	326
da420c4e9531c86082ad66a00796ba1c5abd3274	gi|1084353276|gb|KX118015.1|	96.319	326	12	0	1	326	2150	2475	8.49e-148	536	65739	326
da420c4e9531c86082ad66a00796ba1c5abd3274	gi|1084353262|gb|KX118014.1|	96.319	326	12	0	1	326	2150	2475	8.49e-148	536	65739	326
da420c4e9531c86082ad66a00796ba1c5abd3274	gi|1084353248|gb|KX118013.1|	96.319	326	12	0	1	326	2150	2475	8.49e-148	536	65739	326
da420c4e9531c86082ad66a00796ba1c5abd3274	gi|1084353234|gb|KX118012.1|	96.319	326	12	0	1	326	2150	2475	8.49e-148	536	65739	326
da420c4e9531c86082ad66a00796ba1c5abd3274	gi|1084353220|gb|KX118011.1|	96.319	326	12	0	1	326	2150	2475	8.49e-148	536	65739	326
da420c4e9531c86082ad66a00796ba1c5abd3274	gi|1084353206|gb|KX118010.1|	96.319	326	12	0	1	326	2150	2475	8.49e-148	536	65739	326
da420c4e9531c86082ad66a00796ba1c5abd3274	gi|1084353192|gb|KX118009.1|	96.319	326	12	0	1	326	2150	2475	8.49e-148	536	65739	326
da420c4e9531c86082ad66a00796ba1c5abd3274	gi|1084353178|gb|KX118008.1|	96.319	326	12	0	1	326	2150	2475	8.49e-148	536	65739	326
da420c4e9531c86082ad66a00796ba1c5abd3274	gi|1084353164|gb|KX118007.1|	96.319	326	12	0	1	326	2150	2475	8.49e-148	536	65739	326
da420c4e9531c86082ad66a00796ba1c5abd3274	gi|1084353150|gb|KX118006.1|	96.319	326	12	0	1	326	2150	2475	8.49e-148	536	65739	326
da420c4e9531c86082ad66a00796ba1c5abd3274	gi|1188236422|gb|KX118005.1|	96.319	326	12	0	1	326	2150	2475	8.49e-148	536	8204	326
da420c4e9531c86082ad66a00796ba1c5abd3274	gi|1188236408|gb|KX118004.1|	96.319	326	12	0	1	326	2150	2475	8.49e-148	536	8204	326
da420c4e9531c86082ad66a00796ba1c5abd3274	gi|1188236394|gb|KX118003.1|	96.319	326	12	0	1	326	2150	2475	8.49e-148	536	8204	326
da420c4e9531c86082ad66a00796ba1c5abd3274	gi|1188236380|gb|KX118002.1|	96.319	326	12	0	1	326	2150	2475	8.49e-148	536	8204	326
da420c4e9531c86082ad66a00796ba1c5abd3274	gi|1188236366|gb|KX118001.1|	96.319	326	12	0	1	326	2150	2475	8.49e-148	536	8204	326
da420c4e9531c86082ad66a00796ba1c5abd3274	gi|1188236352|gb|KX118000.1|	96.319	326	12	0	1	326	2150	2475	8.49e-148	536	8204	326
da420c4e9531c86082ad66a00796ba1c5abd3274	gi|1188236338|gb|KX117999.1|	96.319	326	12	0	1	326	2150	2475	8.49e-148	536	8204	326
da420c4e9531c86082ad66a00796ba1c5abd3274	gi|1188236324|gb|KX117998.1|	96.319	326	12	0	1	326	2150	2475	8.49e-148	536	8204	326
da420c4e9531c86082ad66a00796ba1c5abd3274	gi|1188236310|gb|KX117997.1|	96.319	326	12	0	1	326	2150	2475	8.49e-148	536	8204	326
da420c4e9531c86082ad66a00796ba1c5abd3274	gi|1188236296|gb|KX117996.1|	96.319	326	12	0	1	326	2150	2475	8.49e-148	536	8204	326
da420c4e9531c86082ad66a00796ba1c5abd3274	gi|2235262324|ref|NC_063112.1|	96.319	326	12	0	1	326	2153	2478	8.49e-148	536	1317005	326
da420c4e9531c86082ad66a00796ba1c5abd3274	gi|2216790317|gb|MT621236.1|	96.319	326	12	0	1	326	2149	2474	8.49e-148	536	1317004	326
da420c4e9531c86082ad66a00796ba1c5abd3274	gi|2228970500|ref|NC_062698.1|	96.319	326	12	0	1	326	2151	2476	8.49e-148	536	1317004	326
da420c4e9531c86082ad66a00796ba1c5abd3274	gi|2216790247|gb|MT621231.1|	96.319	326	12	0	1	326	2152	2477	8.49e-148	536	291111	326
da420c4e9531c86082ad66a00796ba1c5abd3274	gi|2095140081|gb|OK135322.1|	96.319	326	12	0	1	326	1063	1388	8.49e-148	536	428036	326
da420c4e9531c86082ad66a00796ba1c5abd3274	gi|2084982255|gb|MT345889.1|	96.319	326	12	0	1	326	2151	2476	8.49e-148	536	476928	326
da420c4e9531c86082ad66a00796ba1c5abd3274	gi|1898139894|gb|MT410929.1|	96.319	326	12	0	1	326	2150	2475	8.49e-148	536	8204	326
da420c4e9531c86082ad66a00796ba1c5abd3274	gi|1896498891|gb|MT410893.1|	96.319	326	12	0	1	326	2152	2477	8.49e-148	536	1266874	326
de210ed671959225fe93ad81da15842c815bbdc5	gi|1593549720|ref|NC_041097.1|	98.870	354	4	0	36	389	2111	2464	1.28e-176	632	239368	389
de210ed671959225fe93ad81da15842c815bbdc5	gi|476006495|gb|KC208620.1|	98.870	354	4	0	36	389	97	450	1.28e-176	632	239368	389
de210ed671959225fe93ad81da15842c815bbdc5	gi|410708871|gb|JQ398413.1|	98.870	354	4	0	36	389	27	380	1.28e-176	632	239368	389
de210ed671959225fe93ad81da15842c815bbdc5	gi|169238180|emb|AM911213.1|	98.870	354	4	0	36	389	73	426	1.28e-176	632	239368	389
de210ed671959225fe93ad81da15842c815bbdc5	gi|158633610|gb|EU099500.1|	98.870	354	4	0	36	389	51	404	1.28e-176	632	239368	389
de210ed671959225fe93ad81da15842c815bbdc5	gi|158633608|gb|EU099498.1|	98.870	354	4	0	36	389	51	404	1.28e-176	632	81875	389
de210ed671959225fe93ad81da15842c815bbdc5	gi|134261166|gb|EF458391.1|	98.870	354	4	0	36	389	96	449	1.28e-176	632	239368	389
de210ed671959225fe93ad81da15842c815bbdc5	gi|134261165|gb|EF458390.1|	98.870	354	4	0	36	389	96	449	1.28e-176	632	239368	389
de210ed671959225fe93ad81da15842c815bbdc5	gi|109627632|dbj|AB246182.1|	98.870	354	4	0	36	389	73	426	1.28e-176	632	239368	389
de210ed671959225fe93ad81da15842c815bbdc5	gi|33149686|gb|AY328468.1|	98.870	354	4	0	36	389	73	426	1.28e-176	632	239368	389
de210ed671959225fe93ad81da15842c815bbdc5	gi|699027315|gb|KM248712.1|	98.860	351	4	0	36	386	33	383	5.96e-175	627	239368	389
de210ed671959225fe93ad81da15842c815bbdc5	gi|476006496|gb|KC208621.1|	98.588	354	5	0	36	389	97	450	5.96e-175	627	239368	389
de210ed671959225fe93ad81da15842c815bbdc5	gi|410708874|gb|JQ398416.1|	98.588	354	5	0	36	389	27	380	5.96e-175	627	239368	389
de210ed671959225fe93ad81da15842c815bbdc5	gi|410708872|gb|JQ398414.1|	98.588	354	5	0	36	389	27	380	5.96e-175	627	239368	389
de210ed671959225fe93ad81da15842c815bbdc5	gi|134261164|gb|EF458389.1|	98.588	354	5	0	36	389	96	449	5.96e-175	627	239368	389
de210ed671959225fe93ad81da15842c815bbdc5	gi|117671473|gb|DQ912072.1|	98.588	354	5	0	36	389	859	1212	5.96e-175	627	239368	389
de210ed671959225fe93ad81da15842c815bbdc5	gi|699027314|gb|KM248711.1|	98.847	347	4	0	36	382	19	365	9.98e-173	619	239368	389
de210ed671959225fe93ad81da15842c815bbdc5	gi|699027327|gb|KM248724.1|	98.827	341	4	0	36	376	36	376	2.16e-169	608	239368	389
de210ed671959225fe93ad81da15842c815bbdc5	gi|699027322|gb|KM248719.1|	98.827	341	4	0	36	376	31	371	2.16e-169	608	239368	389
de210ed671959225fe93ad81da15842c815bbdc5	gi|699027320|gb|KM248717.1|	98.827	341	4	0	36	376	31	371	2.16e-169	608	239368	389
de210ed671959225fe93ad81da15842c815bbdc5	gi|699027313|gb|KM248710.1|	98.827	341	4	0	36	376	33	373	2.16e-169	608	239368	389
de210ed671959225fe93ad81da15842c815bbdc5	gi|699027328|gb|KM248725.1|	98.824	340	4	0	36	375	36	375	7.77e-169	606	239368	389
de210ed671959225fe93ad81da15842c815bbdc5	gi|699027325|gb|KM248722.1|	98.824	340	4	0	36	375	33	372	7.77e-169	606	239368	389
de210ed671959225fe93ad81da15842c815bbdc5	gi|699027326|gb|KM248723.1|	98.820	339	4	0	36	374	27	365	2.79e-168	604	239368	389
de210ed671959225fe93ad81da15842c815bbdc5	gi|699027323|gb|KM248720.1|	98.820	339	4	0	36	374	35	373	2.79e-168	604	239368	389
de210ed671959225fe93ad81da15842c815bbdc5	gi|699027317|gb|KM248714.1|	98.810	336	4	0	36	371	31	366	1.30e-166	599	239368	389
de210ed671959225fe93ad81da15842c815bbdc5	gi|699027318|gb|KM248715.1|	99.373	319	2	0	68	386	1	319	1.69e-160	579	239368	389
de210ed671959225fe93ad81da15842c815bbdc5	gi|699027319|gb|KM248716.1|	99.683	315	1	0	61	375	1	315	6.09e-160	577	239368	389
de210ed671959225fe93ad81da15842c815bbdc5	gi|410708856|gb|JQ398398.1|	95.763	354	15	0	36	389	27	380	2.83e-158	571	1249487	389
de210ed671959225fe93ad81da15842c815bbdc5	gi|699027324|gb|KM248721.1|	99.677	310	1	0	63	372	1	310	3.67e-157	568	239368	389
de210ed671959225fe93ad81da15842c815bbdc5	gi|1182626398|gb|KX234645.1|	95.211	355	16	1	36	389	820	1174	6.13e-155	560	349311	389
de210ed671959225fe93ad81da15842c815bbdc5	gi|410708868|gb|JQ398410.1|	95.198	354	17	0	36	389	27	380	6.13e-155	560	714659	389
de210ed671959225fe93ad81da15842c815bbdc5	gi|194338380|gb|EU848445.1|	95.211	355	16	1	36	389	94	448	6.13e-155	560	349311	389
de210ed671959225fe93ad81da15842c815bbdc5	gi|117671485|gb|DQ912084.1|	95.198	354	17	0	36	389	860	1213	6.13e-155	560	411575	389
de210ed671959225fe93ad81da15842c815bbdc5	gi|1325803902|dbj|AP017957.1|	94.930	355	17	1	36	389	2113	2467	2.85e-153	555	42892	389
de210ed671959225fe93ad81da15842c815bbdc5	gi|344944294|gb|JN103416.1|	94.930	355	17	1	36	389	95	449	2.85e-153	555	184585	389
de210ed671959225fe93ad81da15842c815bbdc5	gi|344944282|gb|JN103404.1|	94.930	355	17	1	36	389	95	449	2.85e-153	555	184585	389
de210ed671959225fe93ad81da15842c815bbdc5	gi|344944271|gb|JN103393.1|	94.930	355	17	1	36	389	95	449	2.85e-153	555	184585	389
de210ed671959225fe93ad81da15842c815bbdc5	gi|380509243|gb|JQ178225.1|	94.930	355	17	1	36	389	103	457	2.85e-153	555	42892	389
de210ed671959225fe93ad81da15842c815bbdc5	gi|375151139|emb|FR851415.1|	94.930	355	17	1	36	389	93	447	2.85e-153	555	42892	389
de210ed671959225fe93ad81da15842c815bbdc5	gi|255985128|gb|GQ365274.1|	94.930	355	17	1	36	389	93	447	2.85e-153	555	349311	389
de210ed671959225fe93ad81da15842c815bbdc5	gi|117671478|gb|DQ912077.1|	94.915	354	18	0	36	389	860	1213	2.85e-153	555	224718	389
de210ed671959225fe93ad81da15842c815bbdc5	gi|930596478|dbj|LC074455.1|	94.648	355	18	1	36	389	43	397	1.33e-151	549	282529	389
de210ed671959225fe93ad81da15842c815bbdc5	gi|410708869|gb|JQ398411.1|	94.633	354	19	0	36	389	27	380	1.33e-151	549	714659	389
de210ed671959225fe93ad81da15842c815bbdc5	gi|410708866|gb|JQ398408.1|	94.633	354	19	0	36	389	27	380	1.33e-151	549	714659	389
de210ed671959225fe93ad81da15842c815bbdc5	gi|344944284|gb|JN103406.1|	94.648	355	18	1	36	389	95	449	1.33e-151	549	184585	389
de210ed671959225fe93ad81da15842c815bbdc5	gi|344944283|gb|JN103405.1|	94.648	355	18	1	36	389	95	449	1.33e-151	549	184585	389
de210ed671959225fe93ad81da15842c815bbdc5	gi|344944280|gb|JN103402.1|	94.648	355	18	1	36	389	95	449	1.33e-151	549	184585	389
de210ed671959225fe93ad81da15842c815bbdc5	gi|344944268|gb|JN103390.1|	94.648	355	18	1	36	389	95	449	1.33e-151	549	184585	389
de210ed671959225fe93ad81da15842c815bbdc5	gi|256858046|gb|GQ412304.1|	94.648	355	18	1	36	389	93	447	1.33e-151	549	349311	389
de210ed671959225fe93ad81da15842c815bbdc5	gi|169238181|emb|AM911214.1|	94.648	355	18	1	36	389	73	427	1.33e-151	549	42892	389
de210ed671959225fe93ad81da15842c815bbdc5	gi|169238179|emb|AM911212.1|	94.648	355	18	1	36	389	73	427	1.33e-151	549	184585	389
de210ed671959225fe93ad81da15842c815bbdc5	gi|167460360|gb|EU410420.1|	94.648	355	18	1	36	389	102	456	1.33e-151	549	184585	389
de210ed671959225fe93ad81da15842c815bbdc5	gi|117671486|gb|DQ912085.1|	94.648	355	18	1	36	389	861	1215	1.33e-151	549	411576	389
de210ed671959225fe93ad81da15842c815bbdc5	gi|117671467|gb|DQ912066.1|	94.648	355	18	1	36	389	857	1211	1.33e-151	549	184585	389
de210ed671959225fe93ad81da15842c815bbdc5	gi|109627631|dbj|AB246181.1|	94.648	355	18	1	36	389	73	427	1.33e-151	549	42892	389
de210ed671959225fe93ad81da15842c815bbdc5	gi|1015569074|dbj|LC041367.1|	94.602	352	18	1	36	386	93	444	6.18e-150	544	42892	389
de210ed671959225fe93ad81da15842c815bbdc5	gi|15451803|ref|NC_003097.1|	94.366	355	19	1	36	389	2113	2467	6.18e-150	544	42892	389
de210ed671959225fe93ad81da15842c815bbdc5	gi|730942435|gb|KF765500.2|	94.366	355	19	1	36	389	2113	2467	6.18e-150	544	42892	389
de210ed671959225fe93ad81da15842c815bbdc5	gi|410708870|gb|JQ398412.1|	94.350	354	20	0	36	389	27	380	6.18e-150	544	714659	389
de210ed671959225fe93ad81da15842c815bbdc5	gi|410708851|gb|JQ398393.1|	94.366	355	18	2	36	389	27	380	6.18e-150	544	1249488;1249489	389
de210ed671959225fe93ad81da15842c815bbdc5	gi|344944296|gb|JN103418.1|	94.366	355	19	1	36	389	95	449	6.18e-150	544	184585	389
de210ed671959225fe93ad81da15842c815bbdc5	gi|344944295|gb|JN103417.1|	94.366	355	19	1	36	389	95	449	6.18e-150	544	184585	389
de210ed671959225fe93ad81da15842c815bbdc5	gi|344944292|gb|JN103414.1|	94.366	355	19	1	36	389	95	449	6.18e-150	544	184585	389
de210ed671959225fe93ad81da15842c815bbdc5	gi|344944278|gb|JN103400.1|	94.366	355	19	1	36	389	95	449	6.18e-150	544	184585	389
de210ed671959225fe93ad81da15842c815bbdc5	gi|344944276|gb|JN103398.1|	94.366	355	19	1	36	389	95	449	6.18e-150	544	184585	389
de210ed671959225fe93ad81da15842c815bbdc5	gi|344944275|gb|JN103397.1|	94.366	355	18	2	36	389	95	448	6.18e-150	544	184585	389
de210ed671959225fe93ad81da15842c815bbdc5	gi|344944272|gb|JN103394.1|	94.366	355	19	1	36	389	95	449	6.18e-150	544	184585	389
de210ed671959225fe93ad81da15842c815bbdc5	gi|315019132|gb|HQ592224.1|	94.366	355	19	1	36	389	77	431	6.18e-150	544	42892	389
de210ed671959225fe93ad81da15842c815bbdc5	gi|289546324|gb|GU324162.1|	94.366	355	19	1	36	389	91	445	6.18e-150	544	184585	389
de210ed671959225fe93ad81da15842c815bbdc5	gi|259122007|gb|GQ485306.1|	94.366	355	19	1	36	389	60	414	6.18e-150	544	184585	389
de210ed671959225fe93ad81da15842c815bbdc5	gi|15430495|dbj|AB040676.1|	94.366	355	19	1	36	389	2113	2467	6.18e-150	544	42892	389
de210ed671959225fe93ad81da15842c815bbdc5	gi|158633560|gb|EU099450.1|	94.350	354	19	1	36	389	106	458	2.22e-149	542	332922	389
de210ed671959225fe93ad81da15842c815bbdc5	gi|117671472|gb|DQ912071.1|	94.350	354	19	1	36	389	860	1212	2.22e-149	542	332922	389
de210ed671959225fe93ad81da15842c815bbdc5	gi|699027312|gb|KM248709.1|	98.684	304	4	0	36	339	47	350	7.99e-149	540	239368	389
de210ed671959225fe93ad81da15842c815bbdc5	gi|148922600|ref|NC_009581.1|	94.085	355	19	2	36	389	2113	2466	2.87e-148	538	184585	389
de210ed671959225fe93ad81da15842c815bbdc5	gi|651209368|gb|KJ128765.1|	94.085	355	19	2	36	389	73	426	2.87e-148	538	184585	389
de210ed671959225fe93ad81da15842c815bbdc5	gi|476006500|gb|KC208625.1|	94.085	355	20	1	36	389	97	451	2.87e-148	538	1310237	389
de210ed671959225fe93ad81da15842c815bbdc5	gi|410708863|gb|JQ398405.1|	94.085	355	19	2	36	389	27	380	2.87e-148	538	1150436	389
de210ed671959225fe93ad81da15842c815bbdc5	gi|410708847|gb|JQ398389.1|	94.085	355	19	2	36	389	27	380	2.87e-148	538	1150432	389
de210ed671959225fe93ad81da15842c815bbdc5	gi|410708846|gb|JQ398388.1|	94.085	355	19	2	36	389	27	380	2.87e-148	538	1150432	389
de210ed671959225fe93ad81da15842c815bbdc5	gi|344944297|gb|JN103419.1|	94.085	355	19	2	36	389	95	448	2.87e-148	538	184585	389
de210ed671959225fe93ad81da15842c815bbdc5	gi|344944290|gb|JN103412.1|	94.085	355	19	2	36	389	95	448	2.87e-148	538	184585	389
de210ed671959225fe93ad81da15842c815bbdc5	gi|344944287|gb|JN103409.1|	94.085	355	19	2	36	389	95	448	2.87e-148	538	184585	389
de210ed671959225fe93ad81da15842c815bbdc5	gi|344944281|gb|JN103403.1|	94.085	355	19	2	36	389	95	448	2.87e-148	538	184585	389
de210ed671959225fe93ad81da15842c815bbdc5	gi|344944279|gb|JN103401.1|	94.085	355	19	2	36	389	95	448	2.87e-148	538	184585	389
de210ed671959225fe93ad81da15842c815bbdc5	gi|344944273|gb|JN103395.1|	94.085	355	19	2	36	389	95	448	2.87e-148	538	184585	389
de210ed671959225fe93ad81da15842c815bbdc5	gi|344944269|gb|JN103391.1|	94.085	355	19	2	36	389	95	448	2.87e-148	538	184585	389
de210ed671959225fe93ad81da15842c815bbdc5	gi|375151107|emb|FR849575.1|	94.085	355	19	2	36	389	93	446	2.87e-148	538	184585	389
de210ed671959225fe93ad81da15842c815bbdc5	gi|184073579|gb|EU552726.1|	94.085	355	19	2	36	389	85	438	2.87e-148	538	184585	389
de210ed671959225fe93ad81da15842c815bbdc5	gi|169238178|emb|AM911211.1|	94.085	355	19	2	36	389	73	426	2.87e-148	538	184585	389
de210ed671959225fe93ad81da15842c815bbdc5	gi|169238176|emb|AM911209.1|	94.085	355	19	2	36	389	73	426	2.87e-148	538	184585	389
de210ed671959225fe93ad81da15842c815bbdc5	gi|148762576|dbj|AP009137.1|	94.085	355	19	2	36	389	2113	2466	2.87e-148	538	184585	389
de210ed671959225fe93ad81da15842c815bbdc5	gi|57229659|gb|AY846745.1|	94.085	355	19	2	36	389	27	380	2.87e-148	538	307589	389
de210ed671959225fe93ad81da15842c815bbdc5	gi|1005664375|gb|KU510488.1|	93.803	355	20	2	36	389	47	400	1.34e-146	532	1814133	389
de210ed671959225fe93ad81da15842c815bbdc5	gi|344944293|gb|JN103415.1|	93.803	355	20	2	36	389	95	448	1.34e-146	532	184585	389
de210ed671959225fe93ad81da15842c815bbdc5	gi|344944291|gb|JN103413.1|	93.803	355	20	2	36	389	95	448	1.34e-146	532	184585	389
de210ed671959225fe93ad81da15842c815bbdc5	gi|344944289|gb|JN103411.1|	93.803	355	20	2	36	389	95	448	1.34e-146	532	184585	389
de210ed671959225fe93ad81da15842c815bbdc5	gi|344944286|gb|JN103408.1|	93.803	355	20	2	36	389	95	448	1.34e-146	532	184585	389
de210ed671959225fe93ad81da15842c815bbdc5	gi|344944285|gb|JN103407.1|	93.803	355	20	2	36	389	95	448	1.34e-146	532	184585	389
f41952bdcfcffb4e77ecfa64cb61e61c9ba3405c	gi|2273687503|gb|CP101307.1|	100.000	31	0	0	220	250	3072331	3072301	5.98e-04	58.4	562	250
f4888e52fbe096218e676c861a53bb130a1c8fa1	gi|55978947|gb|AY800275.1|	98.773	326	3	1	1	326	56	380	1.39e-160	579	301822	326
f4888e52fbe096218e676c861a53bb130a1c8fa1	gi|228481209|gb|FJ887748.1|	97.853	326	7	0	1	326	125	450	3.90e-156	564	320590	326
f4888e52fbe096218e676c861a53bb130a1c8fa1	gi|134261287|gb|EF458480.1|	97.853	326	7	0	1	326	122	447	3.90e-156	564	320590	326
f4888e52fbe096218e676c861a53bb130a1c8fa1	gi|61970263|gb|AY958602.1|	97.853	326	7	0	1	326	83	408	3.90e-156	564	320590	326
f4888e52fbe096218e676c861a53bb130a1c8fa1	gi|525457505|gb|KC748065.1|	97.546	326	8	0	1	326	128	453	1.81e-154	558	557408	326
f4888e52fbe096218e676c861a53bb130a1c8fa1	gi|62123273|gb|AY958622.1|	97.546	326	8	0	1	326	79	404	1.81e-154	558	320615	326
f4888e52fbe096218e676c861a53bb130a1c8fa1	gi|1790179294|dbj|LC493904.1|	97.239	326	9	0	1	326	2152	2477	8.43e-153	553	980417	326
f4888e52fbe096218e676c861a53bb130a1c8fa1	gi|2228970450|ref|NC_062697.1|	97.239	326	9	0	1	326	2150	2475	8.43e-153	553	1049578	326
f4888e52fbe096218e676c861a53bb130a1c8fa1	gi|2216790191|gb|MT561269.1|	97.239	326	9	0	1	326	2149	2474	8.43e-153	553	470928	326
f4888e52fbe096218e676c861a53bb130a1c8fa1	gi|2228970333|ref|NC_062694.1|	97.239	326	9	0	1	326	2149	2474	8.43e-153	553	470928	326
f4888e52fbe096218e676c861a53bb130a1c8fa1	gi|2192928254|ref|NC_060630.1|	97.248	327	8	1	1	326	2151	2477	8.43e-153	553	980385	326
f4888e52fbe096218e676c861a53bb130a1c8fa1	gi|662170187|gb|KF366336.1|	97.248	327	8	1	1	326	125	451	8.43e-153	553	980385	326
f4888e52fbe096218e676c861a53bb130a1c8fa1	gi|662170186|gb|KF366335.1|	97.239	326	9	0	1	326	125	450	8.43e-153	553	557408	326
f4888e52fbe096218e676c861a53bb130a1c8fa1	gi|588264245|gb|KJ010645.1|	97.239	326	9	0	1	326	92	417	8.43e-153	553	433379	326
f4888e52fbe096218e676c861a53bb130a1c8fa1	gi|588264244|gb|KJ010644.1|	97.239	326	9	0	1	326	92	417	8.43e-153	553	433379	326
f4888e52fbe096218e676c861a53bb130a1c8fa1	gi|2073950700|gb|MT006232.1|	97.239	326	9	0	1	326	2149	2474	8.43e-153	553	476930	326
f4888e52fbe096218e676c861a53bb130a1c8fa1	gi|525457507|gb|KC748067.1|	97.239	326	9	0	1	326	128	453	8.43e-153	553	476930	326
f4888e52fbe096218e676c861a53bb130a1c8fa1	gi|525457499|gb|KC748059.1|	97.239	326	9	0	1	326	128	453	8.43e-153	553	1317002	326
f4888e52fbe096218e676c861a53bb130a1c8fa1	gi|525457497|gb|KC748057.1|	97.248	327	8	1	1	326	128	454	8.43e-153	553	1358729	326
f4888e52fbe096218e676c861a53bb130a1c8fa1	gi|402122795|gb|JQ417850.1|	97.239	326	9	0	1	326	125	450	8.43e-153	553	1049578	326
f4888e52fbe096218e676c861a53bb130a1c8fa1	gi|374669440|gb|JN591562.1|	97.239	326	9	0	1	326	125	450	8.43e-153	553	980344;1049573	326
f4888e52fbe096218e676c861a53bb130a1c8fa1	gi|327197024|gb|JF343940.1|	97.239	326	9	0	1	326	125	450	8.43e-153	553	476930	326
f4888e52fbe096218e676c861a53bb130a1c8fa1	gi|365266527|gb|HQ873667.1|	97.239	326	9	0	1	326	125	450	8.43e-153	553	980417	326
f4888e52fbe096218e676c861a53bb130a1c8fa1	gi|1898139782|gb|MT410903.1|	97.239	326	9	0	1	326	2152	2477	8.43e-153	553	980417	326
f4888e52fbe096218e676c861a53bb130a1c8fa1	gi|228481211|gb|FJ887750.1|	97.239	326	9	0	1	326	125	450	8.43e-153	553	476930	326
f4888e52fbe096218e676c861a53bb130a1c8fa1	gi|209961946|gb|EU741791.1|	97.239	326	9	0	1	326	125	450	8.43e-153	553	283367;470928	326
f4888e52fbe096218e676c861a53bb130a1c8fa1	gi|134261130|gb|EF458355.1|	97.239	326	9	0	1	326	122	447	8.43e-153	553	433379	326
f4888e52fbe096218e676c861a53bb130a1c8fa1	gi|807131486|gb|KP237969.1|	96.933	326	10	0	1	326	125	450	1.09e-151	549	1317002	326
f4888e52fbe096218e676c861a53bb130a1c8fa1	gi|1829772799|ref|NC_046850.1|	96.933	326	10	0	1	326	2152	2477	3.92e-151	547	476920	326
f4888e52fbe096218e676c861a53bb130a1c8fa1	gi|1790179848|dbj|LC495485.1|	96.933	326	10	0	1	326	2150	2475	3.92e-151	547	980387	326
f4888e52fbe096218e676c861a53bb130a1c8fa1	gi|1188235834|gb|KX117963.1|	96.933	326	10	0	1	326	2150	2475	3.92e-151	547	8204	326
f4888e52fbe096218e676c861a53bb130a1c8fa1	gi|1188235792|gb|KX117960.1|	96.933	326	10	0	1	326	2150	2475	3.92e-151	547	8204	326
f4888e52fbe096218e676c861a53bb130a1c8fa1	gi|1188235330|gb|KX117927.1|	96.933	326	10	0	1	326	2150	2475	3.92e-151	547	8204	326
f4888e52fbe096218e676c861a53bb130a1c8fa1	gi|1188235260|gb|KX117922.1|	96.933	326	10	0	1	326	2150	2475	3.92e-151	547	8204	326
f4888e52fbe096218e676c861a53bb130a1c8fa1	gi|1275605613|dbj|AP018419.1|	96.933	326	10	0	1	326	2150	2475	3.92e-151	547	980387	326
f4888e52fbe096218e676c861a53bb130a1c8fa1	gi|807131489|gb|KP237972.1|	96.933	326	10	0	1	326	125	450	3.92e-151	547	1638160	326
f4888e52fbe096218e676c861a53bb130a1c8fa1	gi|874508174|gb|KT004433.1|	96.933	326	10	0	1	326	2152	2477	3.92e-151	547	980417	326
f4888e52fbe096218e676c861a53bb130a1c8fa1	gi|902686493|ref|NC_027588.1|	96.933	326	10	0	1	326	2152	2477	3.92e-151	547	980417	326
f4888e52fbe096218e676c861a53bb130a1c8fa1	gi|156765953|ref|NC_009773.1|	96.933	326	10	0	1	326	2150	2475	3.92e-151	547	8204	326
f4888e52fbe096218e676c861a53bb130a1c8fa1	gi|2216790261|gb|MT621232.1|	96.933	326	10	0	1	326	2152	2477	3.92e-151	547	476920	326
f4888e52fbe096218e676c861a53bb130a1c8fa1	gi|2216790233|gb|MT627596.1|	96.933	326	10	0	1	326	2151	2476	3.92e-151	547	986104	326
f4888e52fbe096218e676c861a53bb130a1c8fa1	gi|2228970367|ref|NC_062695.1|	96.933	326	10	0	1	326	2151	2476	3.92e-151	547	986104	326
f4888e52fbe096218e676c861a53bb130a1c8fa1	gi|662170189|gb|KF366338.1|	96.933	326	10	0	1	326	125	450	3.92e-151	547	433395	326
f4888e52fbe096218e676c861a53bb130a1c8fa1	gi|662170182|gb|KF366331.1|	96.933	326	10	0	1	326	125	450	3.92e-151	547	476920	326
f4888e52fbe096218e676c861a53bb130a1c8fa1	gi|661786429|gb|KJ879088.1|	96.933	326	10	0	1	326	92	417	3.92e-151	547	557414	326
f4888e52fbe096218e676c861a53bb130a1c8fa1	gi|588264343|gb|KJ010743.1|	96.933	326	10	0	1	326	92	417	3.92e-151	547	557414	326
f4888e52fbe096218e676c861a53bb130a1c8fa1	gi|588264248|gb|KJ010648.1|	96.933	326	10	0	1	326	92	417	3.92e-151	547	557414	326
f4888e52fbe096218e676c861a53bb130a1c8fa1	gi|525457508|gb|KC748068.1|	96.933	326	10	0	1	326	128	453	3.92e-151	547	1358737	326
f4888e52fbe096218e676c861a53bb130a1c8fa1	gi|525457498|gb|KC748058.1|	96.933	326	10	0	1	326	128	453	3.92e-151	547	986104	326
f4888e52fbe096218e676c861a53bb130a1c8fa1	gi|402122639|gb|JN816390.1|	96.942	327	8	2	1	326	125	450	3.92e-151	547	57780	326
f4888e52fbe096218e676c861a53bb130a1c8fa1	gi|327197030|gb|JF343946.1|	96.933	326	10	0	1	326	125	450	3.92e-151	547	986104;986105	326
f4888e52fbe096218e676c861a53bb130a1c8fa1	gi|365266528|gb|HQ873668.1|	96.933	326	10	0	1	326	125	450	3.92e-151	547	1049575	326
f4888e52fbe096218e676c861a53bb130a1c8fa1	gi|365266526|gb|HQ873666.1|	96.933	326	10	0	1	326	125	450	3.92e-151	547	980387	326
f4888e52fbe096218e676c861a53bb130a1c8fa1	gi|365266523|gb|HQ873663.1|	96.933	326	10	0	1	326	125	450	3.92e-151	547	1127570	326
f4888e52fbe096218e676c861a53bb130a1c8fa1	gi|228481214|gb|FJ887753.1|	96.933	326	10	0	1	326	125	450	3.92e-151	547	641279	326
f4888e52fbe096218e676c861a53bb130a1c8fa1	gi|146160759|gb|EF427916.1|	96.933	326	10	0	1	326	2150	2475	3.92e-151	547	8204	326
f4888e52fbe096218e676c861a53bb130a1c8fa1	gi|134261267|gb|EF458460.1|	96.933	326	10	0	1	326	122	447	3.92e-151	547	320615	326
f4888e52fbe096218e676c861a53bb130a1c8fa1	gi|126544563|gb|EF119323.1|	96.933	326	10	0	1	326	122	447	3.92e-151	547	428036	326
f4888e52fbe096218e676c861a53bb130a1c8fa1	gi|228481210|gb|FJ887749.1|	96.626	326	11	0	1	326	125	450	5.07e-150	544	428036	326
f4888e52fbe096218e676c861a53bb130a1c8fa1	gi|1812094577|ref|NC_045921.1|	96.626	326	11	0	1	326	2150	2475	1.83e-149	542	476928	326
f4888e52fbe096218e676c861a53bb130a1c8fa1	gi|1790179654|dbj|LC493930.1|	96.626	326	11	0	1	326	2148	2473	1.83e-149	542	479980	326
f4888e52fbe096218e676c861a53bb130a1c8fa1	gi|1790179515|dbj|LC493920.1|	96.626	326	11	0	1	326	2152	2477	1.83e-149	542	1266874	326
f4888e52fbe096218e676c861a53bb130a1c8fa1	gi|1790179266|dbj|LC493902.1|	96.626	326	11	0	1	326	2150	2475	1.83e-149	542	8204	326
f4888e52fbe096218e676c861a53bb130a1c8fa1	gi|1783497572|ref|NC_045382.1|	96.626	326	11	0	1	326	2152	2477	1.83e-149	542	291111	326
f4888e52fbe096218e676c861a53bb130a1c8fa1	gi|1398520405|ref|NC_037609.1|	96.626	326	11	0	1	326	2150	2475	1.83e-149	542	65739	326
f4888e52fbe096218e676c861a53bb130a1c8fa1	gi|1084353626|gb|KX118040.1|	96.626	326	11	0	1	326	2149	2474	1.83e-149	542	425520	326
f4888e52fbe096218e676c861a53bb130a1c8fa1	gi|1084353374|gb|KX118022.1|	96.626	326	11	0	1	326	2150	2475	1.83e-149	542	65739	326
f4888e52fbe096218e676c861a53bb130a1c8fa1	gi|1084353360|gb|KX118021.1|	96.626	326	11	0	1	326	2150	2475	1.83e-149	542	65739	326
f4888e52fbe096218e676c861a53bb130a1c8fa1	gi|1084353346|gb|KX118020.1|	96.626	326	11	0	1	326	2150	2475	1.83e-149	542	65739	326
f4888e52fbe096218e676c861a53bb130a1c8fa1	gi|1084353332|gb|KX118019.1|	96.626	326	11	0	1	326	2150	2475	1.83e-149	542	65739	326
f4888e52fbe096218e676c861a53bb130a1c8fa1	gi|1084353304|gb|KX118017.1|	96.626	326	11	0	1	326	2150	2475	1.83e-149	542	65739	326
f4888e52fbe096218e676c861a53bb130a1c8fa1	gi|1084353290|gb|KX118016.1|	96.626	326	11	0	1	326	2150	2475	1.83e-149	542	65739	326
f4888e52fbe096218e676c861a53bb130a1c8fa1	gi|1084353276|gb|KX118015.1|	96.626	326	11	0	1	326	2150	2475	1.83e-149	542	65739	326
f4888e52fbe096218e676c861a53bb130a1c8fa1	gi|1084353262|gb|KX118014.1|	96.626	326	11	0	1	326	2150	2475	1.83e-149	542	65739	326
f4888e52fbe096218e676c861a53bb130a1c8fa1	gi|1084353248|gb|KX118013.1|	96.626	326	11	0	1	326	2150	2475	1.83e-149	542	65739	326
f4888e52fbe096218e676c861a53bb130a1c8fa1	gi|1084353234|gb|KX118012.1|	96.626	326	11	0	1	326	2150	2475	1.83e-149	542	65739	326
f4888e52fbe096218e676c861a53bb130a1c8fa1	gi|1084353220|gb|KX118011.1|	96.626	326	11	0	1	326	2150	2475	1.83e-149	542	65739	326
f4888e52fbe096218e676c861a53bb130a1c8fa1	gi|1084353206|gb|KX118010.1|	96.626	326	11	0	1	326	2150	2475	1.83e-149	542	65739	326
f4888e52fbe096218e676c861a53bb130a1c8fa1	gi|1084353192|gb|KX118009.1|	96.626	326	11	0	1	326	2150	2475	1.83e-149	542	65739	326
f4888e52fbe096218e676c861a53bb130a1c8fa1	gi|1084353178|gb|KX118008.1|	96.626	326	11	0	1	326	2150	2475	1.83e-149	542	65739	326
f4888e52fbe096218e676c861a53bb130a1c8fa1	gi|1084353164|gb|KX118007.1|	96.626	326	11	0	1	326	2150	2475	1.83e-149	542	65739	326
f4888e52fbe096218e676c861a53bb130a1c8fa1	gi|1084353150|gb|KX118006.1|	96.626	326	11	0	1	326	2150	2475	1.83e-149	542	65739	326
f4888e52fbe096218e676c861a53bb130a1c8fa1	gi|1188236422|gb|KX118005.1|	96.626	326	11	0	1	326	2150	2475	1.83e-149	542	8204	326
f4888e52fbe096218e676c861a53bb130a1c8fa1	gi|1188236408|gb|KX118004.1|	96.626	326	11	0	1	326	2150	2475	1.83e-149	542	8204	326
f4888e52fbe096218e676c861a53bb130a1c8fa1	gi|1188236394|gb|KX118003.1|	96.626	326	11	0	1	326	2150	2475	1.83e-149	542	8204	326
f4888e52fbe096218e676c861a53bb130a1c8fa1	gi|1188236380|gb|KX118002.1|	96.626	326	11	0	1	326	2150	2475	1.83e-149	542	8204	326
f4888e52fbe096218e676c861a53bb130a1c8fa1	gi|1188236366|gb|KX118001.1|	96.626	326	11	0	1	326	2150	2475	1.83e-149	542	8204	326
f4888e52fbe096218e676c861a53bb130a1c8fa1	gi|1188236352|gb|KX118000.1|	96.626	326	11	0	1	326	2150	2475	1.83e-149	542	8204	326
f4888e52fbe096218e676c861a53bb130a1c8fa1	gi|1188236338|gb|KX117999.1|	96.626	326	11	0	1	326	2150	2475	1.83e-149	542	8204	326
f4888e52fbe096218e676c861a53bb130a1c8fa1	gi|1188236324|gb|KX117998.1|	96.626	326	11	0	1	326	2150	2475	1.83e-149	542	8204	326
f4888e52fbe096218e676c861a53bb130a1c8fa1	gi|1188236310|gb|KX117997.1|	96.626	326	11	0	1	326	2150	2475	1.83e-149	542	8204	326
f4888e52fbe096218e676c861a53bb130a1c8fa1	gi|1188236296|gb|KX117996.1|	96.626	326	11	0	1	326	2150	2475	1.83e-149	542	8204	326
f4888e52fbe096218e676c861a53bb130a1c8fa1	gi|2235262324|ref|NC_063112.1|	96.626	326	11	0	1	326	2153	2478	1.83e-149	542	1317005	326
f4888e52fbe096218e676c861a53bb130a1c8fa1	gi|2216790317|gb|MT621236.1|	96.626	326	11	0	1	326	2149	2474	1.83e-149	542	1317004	326
f4888e52fbe096218e676c861a53bb130a1c8fa1	gi|2228970500|ref|NC_062698.1|	96.626	326	11	0	1	326	2151	2476	1.83e-149	542	1317004	326
f4888e52fbe096218e676c861a53bb130a1c8fa1	gi|2216790247|gb|MT621231.1|	96.626	326	11	0	1	326	2152	2477	1.83e-149	542	291111	326
f4888e52fbe096218e676c861a53bb130a1c8fa1	gi|2095140081|gb|OK135322.1|	96.626	326	11	0	1	326	1063	1388	1.83e-149	542	428036	326
f4888e52fbe096218e676c861a53bb130a1c8fa1	gi|2084982255|gb|MT345889.1|	96.626	326	11	0	1	326	2151	2476	1.83e-149	542	476928	326
f4888e52fbe096218e676c861a53bb130a1c8fa1	gi|1898139894|gb|MT410929.1|	96.626	326	11	0	1	326	2150	2475	1.83e-149	542	8204	326
f4888e52fbe096218e676c861a53bb130a1c8fa1	gi|1896498891|gb|MT410893.1|	96.626	326	11	0	1	326	2152	2477	1.83e-149	542	1266874	326
f7219ab49bd1fe45925365ff747a92438ab4e1d1	gi|2273687503|gb|CP101307.1|	100.000	34	0	0	206	239	3072331	3072298	1.28e-05	63.9	562	250
f7219ab49bd1fe45925365ff747a92438ab4e1d1	gi|2166243476|dbj|LC662991.1|	95.122	41	0	2	201	240	3552	3591	1.28e-05	63.9	1869227	250
f7219ab49bd1fe45925365ff747a92438ab4e1d1	gi|2166239585|dbj|LC662869.1|	97.297	37	0	1	205	240	7287	7323	4.62e-05	62.1	1869227	250
f7219ab49bd1fe45925365ff747a92438ab4e1d1	gi|2103617381|gb|CP083986.1|	97.297	37	0	1	204	239	1586420	1586384	4.62e-05	62.1	2855503	250
f7219ab49bd1fe45925365ff747a92438ab4e1d1	gi|2166245729|dbj|LC663104.1|	97.222	36	0	1	206	240	26746	26781	1.66e-04	60.2	1849603	250
f7219ab49bd1fe45925365ff747a92438ab4e1d1	gi|2166240381|dbj|LC662912.1|	97.222	36	0	1	206	240	71	36	1.66e-04	60.2	1869227	250
f7219ab49bd1fe45925365ff747a92438ab4e1d1	gi|2099744356|emb|OU452935.1|	97.222	36	0	1	206	240	221	256	1.66e-04	60.2	1049725	250
f7219ab49bd1fe45925365ff747a92438ab4e1d1	gi|2099743938|emb|OU452413.1|	97.222	36	0	1	206	240	221	256	1.66e-04	60.2	1049725	250
f7219ab49bd1fe45925365ff747a92438ab4e1d1	gi|2052887197|tpg|BK017404.1|	97.222	36	0	1	206	240	79	44	1.66e-04	60.2	2202567	250
f7219ab49bd1fe45925365ff747a92438ab4e1d1	gi|1915674438|emb|LR868057.1|	97.222	36	0	1	206	240	221	256	1.66e-04	60.2	1938460	250
f7219ab49bd1fe45925365ff747a92438ab4e1d1	gi|1915673852|emb|LR867471.1|	97.222	36	0	1	206	240	221	256	1.66e-04	60.2	175275	250
f7219ab49bd1fe45925365ff747a92438ab4e1d1	gi|1915673679|emb|LR867298.1|	97.222	36	0	1	206	240	221	256	1.66e-04	60.2	175275	250
f7219ab49bd1fe45925365ff747a92438ab4e1d1	gi|1418363025|gb|CP030287.1|	100.000	28	0	0	212	239	8022482	8022455	0.028	52.8	2099583	250
