loc.id	date	year	month	day	station	transect	lat	lon	NGDC_m
1	6/17/19	2019	6	17	7	7	34.3971816700	-120.9987233000	-1155.0
2	6/17/19	2019	6	17	9	9	34.3950083300	-121.1455100000	-1524.0
3	6/17/19	2019	6	17	zPC1	zP	34.5644116700	-120.6927583000	-62.0
4	6/17/19	2019	6	17	zPC2	zP	34.5671816700	-120.7675450000	-201.0
5	6/17/19	2019	6	17	zPC3	zP	34.5646900000	-120.8284467000	-284.0
6	6/18/19	2019	6	18	1-Mar	3	34.7307916700	-120.6962967000	-53.0
7	6/18/19	2019	6	18	2-Mar	3	34.7301833300	-120.8504850000	-157.0
8	6/18/19	2019	6	18	3-Mar	3	34.7287866700	-120.9387583000	-314.0
9	6/18/19	2019	6	18	4-Mar	3	34.7326433300	-121.0383533000	-500.0
10	6/18/19	2019	6	18	zPC-5	zP	34.5673333300	-121.2585917000	-955.0
11	6/18/19	2019	6	18	zPC-6	zP	34.5660716700	-121.4031867000	-1582.0
12	6/18/19	2019	6	18	zPC4	zP	34.5640866700	-120.9061350000	-498.0
13	6/19/19	2019	6	19	10-Mar	3	34.7312366700	-121.6452050000	-834.0
14	6/19/19	2019	6	19	11-Mar	3	34.7296183300	-121.7261650000	-1545.0
15	6/19/19	2019	6	19	5-Mar	3	34.7312250000	-121.1363183000	-553.0
16	6/19/19	2019	6	19	6-Mar	3	34.7302900000	-121.2398117000	-579.0
17	6/19/19	2019	6	19	7-Mar	3	34.7301166700	-121.3400233000	-567.0
18	6/19/19	2019	6	19	8-Mar	3	34.7317133300	-121.4401500000	-653.0
19	6/19/19	2019	6	19	9-Mar	3	34.7313400000	-121.5465367000	-888.0
20	6/20/19	2019	6	20	1-May	5	35.0643716700	-120.7280517000	-52.0
21	6/20/19	2019	6	20	2-May	5	35.0646033300	-120.8655333000	-149.0
22	6/20/19	2019	6	20	3-May	5	35.0637000000	-120.9536950000	-301.0
23	6/20/19	2019	6	20	4-May	5	35.0638100000	-121.0792467000	-507.0
24	6/20/19	2019	6	20	6-May	5	35.0683700000	-121.2736367000	-620.0
25	6/20/19	2019	6	20	7-May	5	35.0616950000	-121.3838817000	-487.0
26	6/21/19	2019	6	21	1-Jul	7	35.3969566700	-120.9250500000	-53.0
27	6/21/19	2019	6	21	2-Jul	7	35.3974766700	-121.0390950000	-172.0
28	6/21/19	2019	6	21	3-Jul	7	35.3974100000	-121.1344783000	-304.0
29	6/21/19	2019	6	21	4-Jul	7	35.3970066700	-121.2907100000	-499.0
30	6/21/19	2019	6	21	5-Jul	7	35.3949050000	-121.3965800000	-734.0
31	6/21/19	2019	6	21	6-Jul	7	35.3986733300	-121.4962783000	-911.0
32	6/22/19	2019	6	22	1-Sep	9	35.7300066700	-121.3558200000	-55.0
33	6/22/19	2019	6	22	11-Sep	9	35.7254666700	-122.1844067000	-1637.0
34	6/22/19	2019	6	22	2-Sep	9	35.7306950000	-121.4150767000	-179.0
35	6/22/19	2019	6	22	3-Sep	9	35.7304900000	-121.4520283000	-300.0
36	6/22/19	2019	6	22	4-Sep	9	35.7320783300	-121.4985333000	-477.0
37	6/22/19	2019	6	22	9-Sep	9	35.7320016700	-122.0142550000	-1136.0
38	6/23/19	2019	6	23	1-Nov	11	36.0642933300	-121.6171433000	-66.0
39	6/23/19	2019	6	23	10-Nov	11	36.0670550000	-122.2743333000	-2473.0
40	6/23/19	2019	6	23	11-Nov	11	36.0638466700	-122.3382633000	-2690.0
41	6/23/19	2019	6	23	2-Nov	11	36.0642583300	-121.6342400000	-284.0
42	6/23/19	2019	6	23	3-Nov	11	36.0639666700	-121.6571600000	-484.0
43	6/23/19	2019	6	23	6-Nov	11	36.0606166700	-121.8670367000	-1028.0
44	6/23/19	2019	6	23	8-Nov	11	36.0638450000	-122.0697083000	-1517.0
45	6/23/19	2019	6	23	9-Nov	11	36.0645116700	-122.1750167000	-1773.0
46	6/24/19	2019	6	24	13-1	13	36.3973016700	-121.9248883000	-52.0
47	6/24/19	2019	6	24	13-10	13	36.3983250000	-122.6476217000	-3256.0
48	6/24/19	2019	6	24	13-2	13	36.3973650000	-121.9845600000	-136.0
49	6/24/19	2019	6	24	13-5	13	36.3966983300	-122.1156100000	-717.0
50	6/24/19	2019	6	24	13-6	13	36.3971733300	-122.2199733000	-1070.0
51	6/24/19	2019	6	24	13-8	13	36.3996616700	-122.4266017000	-1770.0
52	6/25/19	2019	6	25	15-1	15	36.7320566700	-121.8496617000	-49.0
53	6/25/19	2019	6	25	15-10	15	36.7317250000	-122.5841550000	-2441.0
54	6/25/19	2019	6	25	15-2	15	36.7306233300	-121.9726100000	-141.0
55	6/25/19	2019	6	25	15-4	15	36.7304483300	-121.9872017000	-498.0
56	6/26/19	2019	6	26	17-1	17	37.0647600000	-122.3247450000	-50.0
57	6/26/19	2019	6	26	17-2	17	37.0652116700	-122.6407917000	-148.0
58	6/26/19	2019	6	26	17-3	17	37.0646050000	-122.6715650000	-303.3
59	6/26/19	2019	6	26	17-4	17	37.0634050000	-122.7246933000	-525.3
60	6/26/19	2019	6	26	17-5	17	37.0642650000	-122.8263917000	-700.1
61	6/26/19	2019	6	26	17-6	17	37.0624300000	-122.9370850000	-1140.9
62	6/26/19	2019	6	26	17-7	17	37.0596633300	-123.0605783000	-1597.1
63	6/27/19	2019	6	27	19-1	19	37.3980133300	-122.5249150000	-53.6
64	6/27/19	2019	6	27	19-4	19	37.3937633300	-122.9653467000	-609.2
65	6/27/19	2019	6	27	19-5	19	37.3931283300	-123.0702117000	-722.4
66	6/27/19	2019	6	27	19-6	19	37.3951416700	-123.1737350000	-985.0
67	6/27/19	2019	6	27	19-7	19	37.3934850000	-123.2850883000	-1500.8
68	6/28/19	2019	6	28	21-1	21	37.7296083300	-122.8009500000	-51.8
69	6/28/19	2019	6	28	21-2	21	37.7303450000	-123.1646633000	-141.1
70	6/28/19	2019	6	28	21-3	21	37.7289300000	-123.1817600000	-491.0
71	6/28/19	2019	6	28	21-4	21	37.7265416700	-123.2073633000	-751.7
72	6/28/19	2019	6	28	21-5	21	37.7267833300	-123.3110667000	-1197.4
73	6/28/19	2019	6	28	21-6	21	37.7296350000	-123.4182250000	-1960.1
74	6/28/19	2019	6	28	21-7	21	37.7250033300	-123.5405433000	-2588.2
75	7/2/19	2019	7	2	22-1	22	37.8973066700	-122.8637667000	-53.5
76	7/2/19	2019	7	2	22-2	22	37.8949900000	-123.1717550000	-93.8
77	7/3/19	2019	7	3	23-1	23	38.0640066700	-123.0163683000	-50.6
78	7/3/19	2019	7	3	25-4	25	38.3921200000	-123.6252383000	-501.5
79	7/3/19	2019	7	3	25-5	25	38.3962166700	-123.6982600000	-971.5
80	7/3/19	2019	7	3	25-6	25	38.3964066700	-123.7726167000	-1529.8
81	7/4/19	2019	7	4	25-1	25	38.3962216700	-123.1414683000	-53.3
82	7/4/19	2019	7	4	25-2	25	38.3942283300	-123.4501533000	-154.2
83	7/4/19	2019	7	4	25-3	25	38.3909700000	-123.5764850000	-330.4
84	7/4/19	2019	7	4	26-1	26	38.5636083300	-123.3499667000	-69.2
85	7/4/19	2019	7	4	26-2	26	38.5617416700	-123.6588383000	-231.0
86	7/4/19	2019	7	4	26-3	26	38.5626416700	-123.9785983000	-2327.0
87	7/5/19	2019	7	5	27-1	27	38.7318800000	-123.5263250000	-44.1
88	7/5/19	2019	7	5	27-2	27	38.7309650000	-123.7684633000	-149.6
89	7/5/19	2019	7	5	27-4	27	38.7313500000	-123.8614850000	-503.6
90	7/5/19	2019	7	5	27-6	27	38.7305383300	-124.0737950000	-2332.8
91	7/5/19	2019	7	5	27-8	27	38.7257800000	-124.2876900000	-3275.8
92	7/6/19	2019	7	6	29-1	29	39.0656583300	-123.7307767000	-51.8
93	7/6/19	2019	7	6	29-2	29	39.0641250000	-123.9372133000	-152.9
94	7/6/19	2019	7	6	29-3	29	39.0643200000	-123.9545783000	-295.9
95	7/6/19	2019	7	6	29-4	29	39.0646650000	-123.9845317000	-483.7
96	7/6/19	2019	7	6	29-5	29	39.0607233300	-124.0970467000	-833.4
97	7/6/19	2019	7	6	29-6	29	39.0621350000	-124.2069517000	-1311.7
98	7/7/19	2019	7	7	31-1	31	39.3980216700	-123.8348250000	-56.4
99	7/7/19	2019	7	7	31-2	31	39.3972983300	-123.9491633000	-149.8
100	7/7/19	2019	7	7	31-3	31	39.3973966700	-123.9753383000	-313.5
101	7/7/19	2019	7	7	31-4	31	39.3971516700	-124.0178583000	-523.6
102	7/7/19	2019	7	7	31-5	31	39.3944083300	-124.1265917000	-817.1
103	7/7/19	2019	7	7	31-7	31	39.3958950000	-124.3384933000	-1519.8
104	7/7/19	2019	7	7	31-9	31	39.3972200000	-124.5593383000	-2784.4
105	7/8/19	2019	7	8	33-1	33	39.7302283300	-123.8644517000	-51.0
106	7/8/19	2019	7	8	33-2	33	39.7324833300	-123.9517533000	-150.2
107	7/8/19	2019	7	8	33-4	33	39.7317550000	-124.0733600000	-482.2
108	7/8/19	2019	7	8	33-5	33	39.7318833300	-124.1845433000	-1046.5
109	7/8/19	2019	7	8	33-9	33	39.7305983300	-124.6214717000	-1615.6
110	7/9/19	2019	7	9	35-1	35	40.0655050000	-124.1372783000	-52.3
111	7/9/19	2019	7	9	35-11	35	40.0637700000	-125.0781317000	-1414.2
112	7/9/19	2019	7	9	35-3	35	40.0630600000	-124.2782183000	-308.8
113	7/9/19	2019	7	9	35-5	35	40.0606600000	-124.4212450000	-745.1
114	7/9/19	2019	7	9	35-7	35	40.0618100000	-124.6436167000	-921.1
115	7/9/19	2019	7	9	35-9	35	40.0610316700	-124.8588500000	-1174.7
116	7/10/19	2019	7	10	37-1	37	40.3966000000	-124.4477350000	-51.0
117	7/10/19	2019	7	10	37-2	37	40.3980633300	-124.5435133000	-127.9
118	7/10/19	2019	7	10	37-4	37	40.3965183300	-124.5772267000	-479.8
119	7/10/19	2019	7	10	37-5	37	40.3951616700	-124.6909867000	-1359.4
120	7/10/19	2019	7	10	37-7	37	40.3982400000	-124.9122883000	-2316.5
121	7/10/19	2019	7	10	37-9	37	40.3961200000	-125.1259683000	-2436.6
122	7/11/19	2019	7	11	38-1	38	40.5635883300	-124.4523050000	-50.2
123	7/11/19	2019	7	11	38-3	38	40.5610050000	-125.1123733000	-2662.5
124	7/11/19	2019	7	11	38-4	38	40.5651633300	-125.3394233000	-2805.9
125	7/12/19	2019	7	12	39-1	39	40.7298500000	-124.3734867000	-50.2
126	7/12/19	2019	7	12	39-2	39	40.7320383300	-124.4885933000	-161.7
127	7/12/19	2019	7	12	39-4	39	40.7298383300	-124.5444650000	-513.0
128	7/12/19	2019	7	12	39-5	39	40.7309183300	-124.6617817000	-839.2
129	7/12/19	2019	7	12	39-7	39	40.7309516700	-124.8794483000	-2466.3
130	7/12/19	2019	7	12	39-9	39	40.7290166700	-125.1001667000	-2718.9
131	7/12/19	2019	7	12	HAB163	HA	41.0622316700	-124.8715917000	-1499.7
132	7/12/19	2019	7	12	VN016	VN	41.0641383300	-124.3920600000	-305.8
133	7/12/19	2019	7	12	VN017	VN	41.0636066700	-124.3374883000	-152.2
134	7/12/19	2019	7	12	VN018	VN	41.0639600000	-124.2434467000	-58.2
135	7/13/19	2019	7	13	42-2	42	41.2320116700	-124.5093483000	-826.7
136	7/13/19	2019	7	13	42-3	42	41.2298933300	-124.8432383000	-1194.7
137	7/13/19	2019	7	13	42-4	42	41.2313033300	-124.9554167000	-1712.1
138	7/14/19	2019	7	14	43-2	43	41.3964583300	-124.4356367000	-151.5
139	7/14/19	2019	7	14	43-4	43	41.3916433300	-124.5129967000	-493.4
140	7/14/19	2019	7	14	43-5	43	41.3987066700	-124.6264717000	-1036.0
141	7/14/19	2019	7	14	43-6	43	41.3963133300	-124.7418667000	-1084.8
142	7/14/19	2019	7	14	43-8	43	41.3937650000	-124.9871533000	-1563.5
143	7/14/19	2019	7	14	45-1	45	41.7301816700	-124.2822233000	-36.7
144	7/21/19	2019	7	21	47-1	47	42.0648300000	-124.3726533000	-47.8
145	7/21/19	2019	7	21	47-2	47	42.0646633300	-124.5103483000	-148.3
146	7/21/19	2019	7	21	47-3	47	42.0648566700	-124.5978567000	-321.4
147	7/21/19	2019	7	21	47-5	47	42.0645850000	-124.7708017000	-643.0
148	7/21/19	2019	7	21	47-9	47	42.0677183300	-125.1642983000	-2015.2
149	7/22/19	2019	7	22	49-2	49	42.3958916700	-124.7121883000	-196.6
150	7/22/19	2019	7	22	49-4	49	42.3941816700	-124.7736150000	-537.0
151	7/22/19	2019	7	22	49-5	49	42.3962016700	-124.8933467000	-1439.8
152	7/22/19	2019	7	22	49-7	49	42.4005500000	-125.1169683000	-2633.5
153	7/22/19	2019	7	22	49-9	49	42.7389516700	-125.2012117000	-3064.3
154	7/23/19	2019	7	23	51-2	51	42.7302700000	-124.6753467000	-156.1
155	7/23/19	2019	7	23	51-3	51	42.7307916700	-124.7323767000	-337.0
156	7/23/19	2019	7	23	51-4	51	42.7276466700	-124.7689217000	-507.2
157	7/23/19	2019	7	23	51-5	51	42.7293050000	-124.8835350000	-560.6
158	7/23/19	2019	7	23	51-7	51	42.7293000000	-124.8834983000	-560.6
159	7/23/19	2019	7	23	51-9	51	42.7345100000	-125.3422767000	-3084.4
160	7/24/19	2019	7	24	53-1	53	43.0639766700	-124.4808650000	-51.0
161	7/24/19	2019	7	24	53-2	53	43.0650616700	-124.6660150000	-150.1
162	7/24/19	2019	7	24	53-3	53	43.0648000000	-124.8749800000	-322.5
163	7/24/19	2019	7	24	53-4	53	43.0640000000	-124.9072133000	-515.5
164	7/24/19	2019	7	24	53-5	53	43.0636316700	-125.0192883000	-1170.4
165	7/24/19	2019	7	24	53-6	53	43.0637850000	-125.1312033000	-1891.0
166	7/24/19	2019	7	24	53-7	53	43.0652133300	-125.2489650000	-2987.6
167	7/24/19	2019	7	24	53-8	53	43.0646916700	-125.2812817000	-3074.5
168	7/25/19	2019	7	25	55-1	55	43.3969816700	-124.3863200000	-52.6
169	7/25/19	2019	7	25	55-2	55	43.3961183300	-124.5924817000	-153.9
170	7/25/19	2019	7	25	55-3	55	43.3962916700	-124.6735467000	-264.1
171	7/25/19	2019	7	25	55-4	55	43.3968950000	-124.7481100000	-530.8
172	7/25/19	2019	7	25	55-5	55	43.3969566700	-124.8621800000	-617.8
173	7/25/19	2019	7	25	55-6	55	43.3938766700	-124.9731967000	-919.1
174	7/25/19	2019	7	25	55-7	55	43.3940900000	-125.0918917000	-948.7
175	7/25/19	2019	7	25	55-8	55	43.3956033300	-125.1890650000	-1577.9
176	7/26/19	2019	7	26	58-1	58	43.8962516700	-124.2162717000	-59.0
177	7/26/19	2019	7	26	58-2	58	43.8970566700	-124.5599183000	-171.7
178	7/26/19	2019	7	26	58-5	58	43.8965866700	-125.0020450000	-888.0
179	7/27/19	2019	7	27	60-1	60	44.2321283300	-124.2475950000	-68.6
180	7/27/19	2019	7	27	60-2	60	44.2305483300	-124.5392983000	-97.3
181	7/27/19	2019	7	27	60-3	60	44.2289466700	-124.8861783000	-131.5
182	7/27/19	2019	7	27	60-4	60	44.2303983300	-125.1583233000	-1557.8
183	7/28/19	2019	7	28	61-2	61	44.3955600000	-124.7442183000	-152.4
184	7/28/19	2019	7	28	61-3	61	44.3967700000	-124.8155333000	-359.0
185	7/28/19	2019	7	28	61-4	61	44.3952166700	-124.8781483000	-503.3
186	7/28/19	2019	7	28	61-5	61	44.3960000000	-124.9914967000	-648.7
187	7/28/19	2019	7	28	61-6	61	44.3963150000	-125.1079700000	-1160.1
188	7/28/19	2019	7	28	61-7	61	44.3974133300	-125.2366517000	-1591.9
189	7/28/19	2019	7	28	NH1	NH	44.7307450000	-124.1619267000	-62.3
190	7/28/19	2019	7	28	NH2	NH	44.7300816700	-124.4947733000	-151.6
191	7/28/19	2019	7	28	NH3	NH	44.7296233300	-124.6729083000	-293.6
192	7/28/19	2019	7	28	NH4	NH	44.7300133300	-124.8502367000	-504.3
193	7/29/19	2019	7	29	65-1	65	45.0639633300	-124.0566500000	-52.3
194	7/29/19	2019	7	29	65-2	65	45.0631916700	-124.2244217000	-150.9
195	7/29/19	2019	7	29	65-3	65	45.0638683300	-124.4102067000	-301.5
196	7/29/19	2019	7	29	65-4	65	45.0644133300	-124.7501250000	-507.8
197	7/29/19	2019	7	29	65-7	65	45.0634266700	-125.1028033000	-1502.4
198	7/29/19	2019	7	29	NH5	NH	44.7298100000	-125.0213133000	-1004.1
199	7/29/19	2019	7	29	NH6	NH	44.7306833300	-125.2820167000	-1888.4
200	7/30/19	2019	7	30	65-5	65	45.0630450000	-124.8618883000	-696.2
201	7/30/19	2019	7	30	65-6	65	45.0615316700	-124.9796500000	-1070.0
202	7/30/19	2019	7	30	66-1	66	45.2301133300	-124.0285217000	-51.1
203	7/30/19	2019	7	30	66-2	66	45.2305116700	-124.3822383000	-382.9
204	7/30/19	2019	7	30	66-3	66	45.2301516700	-124.7401983000	-578.8
205	7/30/19	2019	7	30	66-3.5	66	45.2293450000	-124.9035417000	-902.4
206	7/30/19	2019	7	30	66-4	66	45.2301916700	-125.0626567000	-1487.8
207	7/31/19	2019	7	31	67-1	67	45.3963183300	-124.0406283000	-52.1
208	7/31/19	2019	7	31	67-2	67	45.3973166700	-124.2176500000	-154.1
209	7/31/19	2019	7	31	67-3	67	45.3961216700	-124.4226133000	-305.1
210	7/31/19	2019	7	31	67-4	67	45.3965183300	-124.7062700000	-530.0
211	7/31/19	2019	7	31	67-5	67	45.3982116700	-124.8227467000	-792.0
212	7/31/19	2019	7	31	67-6	67	45.3985233300	-124.9396417000	-1185.5
213	7/31/19	2019	7	31	67-7	67	45.3982750000	-125.0283033000	-1542.3
214	8/6/19	2019	8	6	69-1	69	45.7304033300	-124.0066933000	-50.7
215	8/6/19	2019	8	6	69-2	69	45.7317500000	-124.3750117000	-150.9
216	8/6/19	2019	8	6	69-3	69	45.7225250000	-124.7444117000	-309.4
217	8/6/19	2019	8	6	69-4	69	45.7315583300	-124.7744767000	-451.8
218	8/6/19	2019	8	6	69-5	69	45.7309883300	-124.8960250000	-1076.2
219	8/6/19	2019	8	6	69-6	69	45.7305483300	-124.9361617000	-1530.3
220	8/7/19	2019	8	7	71-1	71	46.0638533300	-124.0654200000	-51.1
221	8/7/19	2019	8	7	71-2	71	46.0631816700	-124.5920800000	-151.4
222	8/7/19	2019	8	7	71-3	71	46.0637300000	-124.7150383000	-308.8
223	8/7/19	2019	8	7	71-4	71	46.0642783300	-124.8400200000	-546.7
224	8/7/19	2019	8	7	71-5	71	46.0638983300	-124.9583783000	-1119.4
225	8/7/19	2019	8	7	71-6	71	46.0630116700	-125.0776883000	-1414.3
226	8/8/19	2019	8	8	73-1	73	46.3977433300	-124.2423267000	-50.0
227	8/8/19	2019	8	8	73-2	73	46.3934700000	-124.5515067000	-151.0
228	8/8/19	2019	8	8	73-4	73	46.3950650000	-124.5975783000	-577.2
229	8/8/19	2019	8	8	73-5	73	46.3976100000	-124.7151167000	-1227.9
230	8/8/19	2019	8	8	73-6	73	46.3985950000	-124.8364483000	-1442.7
231	8/8/19	2019	8	8	73-7	73	46.3994983300	-124.9555600000	-1135.7
232	8/9/19	2019	8	9	75-1	75	46.7306983300	-124.2712383000	-53.2
233	8/9/19	2019	8	9	75-2	75	46.7298500000	-124.7129383000	-158.3
234	8/9/19	2019	8	9	75-3	75	46.7302716700	-124.8444367000	-306.5
235	8/9/19	2019	8	9	75-4	75	46.7295300000	-124.8829967000	-493.0
236	8/9/19	2019	8	9	75-5	75	46.7312133300	-125.0062883000	-716.8
237	8/9/19	2019	8	9	75-6	75	46.7310966700	-125.1275750000	-951.6
238	8/9/19	2019	8	9	75-7	75	46.7306416700	-125.2485817000	-980.5
239	8/10/19	2019	8	10	77-1	77	47.0632550000	-124.3964650000	-50.5
240	8/10/19	2019	8	10	77-2	77	47.0639166700	-124.8705967000	-154.9
241	8/10/19	2019	8	10	77-4	77	47.0639800000	-124.9667317000	-473.5
242	8/10/19	2019	8	10	77-5	77	47.0647033300	-125.0875867000	-1421.5
243	8/10/19	2019	8	10	77-6	77	47.0644200000	-125.2157667000	-1557.2
244	8/11/19	2019	8	11	79-1	79	47.3983616700	-124.5396700000	-54.7
245	8/11/19	2019	8	11	79-2	79	47.3976450000	-124.7738783000	-151.0
246	8/11/19	2019	8	11	79-4	79	47.3960016700	-124.8215750000	-657.7
247	8/11/19	2019	8	11	79-5	79	47.3975433300	-124.9416717000	-1204.6
248	8/11/19	2019	8	11	79-6	79	47.3968600000	-125.0652950000	-1362.8
249	8/11/19	2019	8	11	79-7	79	47.3971533300	-125.1886517000	-898.0
250	8/11/19	2019	8	11	79-8	79	47.3971666700	-125.3096067000	-1381.2
251	8/12/19	2019	8	12	80-1	80	47.5633933300	-124.6017267000	-50.3
252	8/12/19	2019	8	12	80-2	80	47.5633900000	-124.9717983000	-174.6
253	8/12/19	2019	8	12	80-3	80	47.5628700000	-125.3432067000	-921.5
254	8/13/19	2019	8	13	77-MT505	77	47.0635916700	-124.9678100000	-494.1
255	8/13/19	2019	8	13	78-MT506	78	47.2307950000	-124.9078850000	-463.1
256	8/14/19	2019	8	14	81-1	81	47.7295333300	-124.6803850000	-51.2
257	8/14/19	2019	8	14	81-2	81	47.7306450000	-125.0233950000	-151.8
258	8/14/19	2019	8	14	81-3	81	47.7307666700	-125.1019000000	-293.5
259	8/14/19	2019	8	14	81-5	81	47.7310933300	-125.2471967000	-813.2
260	8/14/19	2019	8	14	81-9	81	47.7323300000	-125.7425550000	-1177.1
261	8/15/19	2019	8	15	83-10	83	48.0634133300	-125.9388133000	-993.1
262	8/15/19	2019	8	15	83-5	83	48.0647550000	-125.3869283000	-133.9
263	8/15/19	2019	8	15	83-6	83	48.0643366700	-125.5102550000	-151.0
264	8/15/19	2019	8	15	83-7	83	48.0635316700	-125.6078533000	-331.9
265	8/15/19	2019	8	15	83-8	83	48.0627816700	-125.6890883000	-682.2
266	8/15/19	2019	8	15	83-9	83	48.0635816700	-125.8120833000	-737.2
267	8/16/19	2019	8	16	85-11	85	48.3952783300	-125.9796200000	-337.2
268	8/16/19	2019	8	16	85-13	85	48.3965300000	-126.2410150000	-938.3
269	8/16/19	2019	8	16	85-14	85	48.3946866700	-126.3002267000	-1110.7
270	8/16/19	2019	8	16	85-15	85	48.3930716700	-126.4297750000	-1244.1
271	8/17/19	2019	8	17	85-1	85	48.3988133300	-124.7782483000	-148.5
272	8/17/19	2019	8	17	85-3	85	48.3983683300	-124.9558333000	-257.7
273	8/17/19	2019	8	17	85-5	85	48.3973333300	-125.2029233000	-175.5
274	8/17/19	2019	8	17	85-8	85	48.3946083300	-125.5780417000	-133.5
275	8/18/19	2019	8	18	86-4	86	48.5639033300	-125.7953017000	-79.5
276	8/18/19	2019	8	18	86-5	86	48.5635400000	-126.1729300000	-368.5
277	8/18/19	2019	8	18	86-6	86	48.5635766700	-126.5500650000	-1381.0
278	8/19/19	2019	8	19	84-2	84	48.2310200000	-125.2308150000	-127.7
279	8/19/19	2019	8	19	84-3	84	48.2296533300	-125.6036467000	-178.4
280	8/19/19	2019	8	19	84-4	84	48.2304016700	-125.9783650000	-676.4
281	8/19/19	2019	8	19	84-5	84	48.2305416700	-126.3501467000	-1572.5
282	8/19/19	2019	8	19	85-0	85	48.3980283300	-125.4731833000	-129.9
283	7/11/19	2019	7	11	38-2	38	40.5655825000	-124.7830292000	-1586.8
284	7/13/19	2019	7	13	42-1	42	41.2309358300	-124.1784033000	-50.7
285	7/21/19	2019	7	21	47-7	47	42.0674016700	-125.0053700000	-1165.7
286	8/14/19	2019	8	14	81-7	81	47.7298175000	-125.4913525000	-1084.9
287	6/16/19	2019	6	16	Monterey Bay	Mo	36.6361183300	-121.8846567000	-63.0
288	6/13/19	2019	6	13	NA	NA	44.3298216700	-124.3190417000	-74.9
289	7/12/19	2019	7	12	NA	NA	41.0641641700	-124.6151892000	-808.8
290	7/2/21	2021	7	2	x1_150	1	34.4438333300	-120.6200000000	-209.0
291	7/2/21	2021	7	2	x1_300	1	34.4458333300	-120.6710000000	-306.0
292	7/2/21	2021	7	2	x1_500	1	34.4451666700	-120.7378333000	-495.0
293	7/2/21	2021	7	2	x1_500.1	1	34.4478333300	-120.8265000000	-620.0
294	7/3/21	2021	7	3	x3_150	3	34.7780000000	-120.8528333000	-162.0
295	7/3/21	2021	7	3	x3_300	3	34.7798333300	-120.9350000000	-296.0
296	7/3/21	2021	7	3	x3_50	3	34.7783333300	-120.6950000000	-52.0
297	7/3/21	2021	7	3	x3_500	3	34.7803333300	-121.0675000000	-494.0
298	7/4/21	2021	7	4	x5_150	5	35.1111666700	-120.8855000000	-155.0
299	7/4/21	2021	7	4	x5_300	5	35.1123333300	-120.9655000000	-296.0
300	7/4/21	2021	7	4	x5_500	5	35.1116666700	-121.0733333000	-503.0
301	7/4/21	2021	7	4	x5_500.1	5	35.1121666700	-121.1750000000	-577.0
302	7/4/21	2021	7	4	x5_500.2	5	35.1138333300	-121.2741667000	-620.0
303	7/4/21	2021	7	4	x5_500.3	5	35.1085000000	-121.3820000000	-569.0
304	7/5/21	2021	7	5	x7_150	7	35.4446666700	-121.0838333000	-167.0
305	7/5/21	2021	7	5	x7_300	7	35.4453333300	-121.1593333000	-301.0
306	7/5/21	2021	7	5	x7_50	7	35.4430000000	-121.0160000000	-52.0
307	7/5/21	2021	7	5	x7_500	7	35.4456666700	-121.3113333000	-504.0
308	7/5/21	2021	7	5	x7_500.1	7	35.4465000000	-121.4136667000	-708.0
309	7/6/21	2021	7	6	x9_150	9	35.7766666700	-121.4675000000	-187.0
310	7/6/21	2021	7	6	x9_1500	9	35.7786666700	-122.2146667000	-1468.0
311	7/6/21	2021	7	6	x9_300	9	35.7781666700	-121.4901667000	-300.0
312	7/6/21	2021	7	6	x9_50	9	35.7773333300	-121.3683333000	-53.0
313	7/6/21	2021	7	6	x9_500	9	35.7785000000	-121.5296667000	-500.0
314	7/8/21	2021	7	8	x13_1500	13	36.4468333300	-122.3525000000	-1477.0
315	7/8/21	2021	7	8	x13_500.1	13	36.4461666700	-122.1183333000	-1042.0
316	7/8/21	2021	7	8	x13_500.2	13	36.4440000000	-122.2181667000	-1171.0
317	7/8/21	2021	7	8	x13_500.3	13	36.4443333300	-122.3181667000	-1440.0
318	7/9/21	2021	7	9	x15_150	15	36.7760000000	-121.8836667000	-171.0
319	7/9/21	2021	7	9	x15_1500	15	36.7768333300	-122.3140000000	-1364.0
320	7/9/21	2021	7	9	x15_50	15	36.7791666700	-121.8408333000	-51.0
321	7/9/21	2021	7	9	x15_500	15	36.7771666700	-121.8968333000	-479.0
322	7/9/21	2021	7	9	x15_500.2	15	36.7770000000	-122.1070000000	-725.0
323	7/10/21	2021	7	10	x17_150	17	37.1110000000	-122.6820000000	-150.5
324	7/10/21	2021	7	10	x17_300	17	37.1120000000	-122.7093333000	-291.1
325	7/10/21	2021	7	10	x17_500	17	37.1113333300	-122.7335000000	-478.1
326	7/10/21	2021	7	10	x17_500.1	17	37.1125000000	-122.8458333000	-547.4
327	7/11/21	2021	7	11	x19_150	19	37.4435000000	-122.8880000000	-145.2
328	7/11/21	2021	7	11	x19_300	19	37.4441666700	-122.9561667000	-315.6
329	7/11/21	2021	7	11	x19_500	19	37.4446666700	-123.0168333000	-511.7
330	7/12/21	2021	7	12	x21_150	21	37.7785000000	-123.2553333000	-138.9
331	7/12/21	2021	7	12	x21_1500	21	37.7845000000	-123.4196667000	-1471.7
332	7/12/21	2021	7	12	x21_300	21	37.7773333300	-123.2796667000	-484.4
333	7/12/21	2021	7	12	x21_500	21	37.7776666700	-123.2895000000	-559.0
334	7/24/21	2021	7	24	x23_150	23	38.1126666700	-123.3316667000	-154.7
335	7/24/21	2021	7	24	x23_1500	23	38.1103333300	-123.6026667000	-1537.9
336	7/24/21	2021	7	24	x23_500	23	38.1101666700	-123.5238333000	-447.0
337	7/25/21	2021	7	25	x25_150	25	38.4463333300	-123.4778333000	-150.3
338	7/25/21	2021	7	25	x25_1500	25	38.4438333300	-123.7823333000	-1493.2
339	7/25/21	2021	7	25	x25_300	25	38.4448333300	-123.6180000000	-316.7
340	7/25/21	2021	7	25	x25_50	25	38.4470000000	-123.2115000000	-56.5
341	7/25/21	2021	7	25	x25_500	25	38.4453333300	-123.6386667000	-496.4
342	7/25/21	2021	7	25	x25_500.1	25	38.4438333300	-123.7481667000	-1271.2
343	7/25/21	2021	7	25	x27_50	27	38.7800000000	-123.5871667000	-45.5
344	7/26/21	2021	7	26	x29_150	29	39.1110000000	-123.9340000000	-147.5
345	7/26/21	2021	7	26	x29_1500	29	39.1115000000	-124.1896667000	-1494.4
346	7/26/21	2021	7	26	x29_300	29	39.1093333300	-123.9658333000	-298.2
347	7/26/21	2021	7	26	x29_50	29	39.1105000000	-123.7495000000	-49.8
348	7/26/21	2021	7	26	x29_500	29	39.1100000000	-124.0150000000	-471.0
349	7/26/21	2021	7	26	x29_500.1	29	39.1125000000	-124.1205000000	-845.4
350	7/26/21	2021	7	26	x31_1500	31	39.4433333300	-124.3091667000	-1512.1
351	7/27/21	2021	7	27	x33_1500	33	39.7793333300	-124.3271667000	-1617.6
352	7/27/21	2021	7	27	x35_150	35	40.1116666700	-124.2871667000	-171.6
353	7/27/21	2021	7	27	x35_300	35	40.1128333300	-124.2915000000	-228.1
354	7/27/21	2021	7	27	x35_50	35	40.1106666700	-124.1991667000	-83.8
355	7/27/21	2021	7	27	x35_500	35	40.1125000000	-124.3761667000	-495.5
356	7/28/21	2021	7	28	x37_150	37	40.4443333300	-124.6003333000	-157.1
357	7/28/21	2021	7	28	x37_1500	37	40.4495000000	-124.7095000000	-1614.9
358	7/28/21	2021	7	28	x37_300	37	40.4458333300	-124.6166667000	-286.6
359	7/28/21	2021	7	28	x37_50	37	40.4445000000	-124.5120000000	-57.3
360	7/28/21	2021	7	28	x37_500	37	40.4468333300	-124.6266667000	-498.8
361	7/28/21	2021	7	28	x39_1500	39	40.7738333300	-124.8181667000	-1929.2
362	7/29/21	2021	7	29	x41_150	41	41.1108333300	-124.3326667000	-148.4
363	7/29/21	2021	7	29	x41_300	41	41.1128333300	-124.3771667000	-262.7
364	7/29/21	2021	7	29	x41_50	41	41.1120000000	-124.2201667000	-50.8
365	7/29/21	2021	7	29	x41_500	41	41.1123333300	-124.4188333000	-496.3
366	7/29/21	2021	7	29	x41_500.1	41	41.1106666700	-124.5286667000	-873.5
367	7/29/21	2021	7	29	x41_500.2	41	41.1105000000	-124.6381667000	-1004.0
368	7/30/21	2021	7	30	x43_150	43	41.4453333300	-124.4465000000	-137.4
369	7/30/21	2021	7	30	x43_300	43	41.4436666700	-124.4948333000	-257.8
370	7/30/21	2021	7	30	x43_50	43	41.4456666700	-124.1763333000	-52.2
371	7/30/21	2021	7	30	x43_500	43	41.4445000000	-124.5175000000	-435.0
372	7/30/21	2021	7	30	x43_500.1	43	41.4443333300	-124.6313333000	-1017.0
373	7/31/21	2021	7	31	x45_150	45	41.7781666700	-124.4390000000	-148.8
374	7/31/21	2021	7	31	x45_300	45	41.7785000000	-124.4896667000	-301.8
375	7/31/21	2021	7	31	x45_50	45	41.7716666700	-124.3483333000	-54.7
376	7/31/21	2021	7	31	x45_500	45	41.7806666700	-124.5480000000	-489.5
377	7/31/21	2021	7	31	x45_500.1	45	41.7801666700	-124.6638333000	-713.7
378	7/31/21	2021	7	31	x45_500.2	45	41.7703333300	-124.7708333000	-845.0
379	8/1/21	2021	8	1	x47_150	47	42.1101666700	-124.5585000000	-149.1
380	8/1/21	2021	8	1	x47_300	47	42.1113333300	-124.5976667000	-299.8
381	8/1/21	2021	8	1	x47_50	47	42.1113333300	-124.4000000000	-63.9
382	8/1/21	2021	8	1	x47_500	47	42.1111666700	-124.6555000000	-500.0
383	8/1/21	2021	8	1	x47_500.1	47	42.1153333300	-124.7655000000	-651.5
384	8/2/21	2021	8	2	x49_150	49	42.4445000000	-124.7276667000	-133.9
385	8/2/21	2021	8	2	x49_1500	49	42.4458333300	-124.8920000000	-1375.7
386	8/2/21	2021	8	2	x49_300	49	42.4460000000	-124.7723333000	-264.5
387	8/2/21	2021	8	2	x49_50	49	42.4418333300	-124.5281667000	-54.4
388	8/2/21	2021	8	2	x49_500	49	42.4450000000	-124.8225000000	-473.6
389	8/3/21	2021	8	3	x51_150	51	42.7791666700	-124.7100000000	-169.5
390	8/3/21	2021	8	3	x51_1500	51	42.7766666700	-125.0696667000	-1525.1
391	8/3/21	2021	8	3	x51_300	51	42.7790000000	-124.7516667000	-319.6
392	8/3/21	2021	8	3	x51_500	51	42.7783333300	-124.9000000000	-514.7
393	8/3/21	2021	8	3	x51_500.1	51	42.7790000000	-125.0136667000	-1404.0
394	8/4/21	2021	8	4	x53_150	53	43.1100000000	-124.6846667000	-162.9
395	8/4/21	2021	8	4	x53_1500	53	43.1100000000	-125.0743333000	-1552.5
396	8/4/21	2021	8	4	x53_300	53	43.1078333300	-124.8641667000	-286.3
397	8/4/21	2021	8	4	x53_50	53	43.1113333300	-124.4998333000	-55.3
398	8/4/21	2021	8	4	x53_500	53	43.1128333300	-124.8968333000	-522.5
399	8/4/21	2021	8	4	x53_500.1	53	43.1111666700	-125.0125000000	-1124.2
400	8/5/21	2021	8	5	x55_150	55	43.4458333300	-124.5803333000	-155.1
401	8/5/21	2021	8	5	x55_1500	55	43.4463333300	-125.1258333000	-1476.9
402	8/5/21	2021	8	5	x55_300	55	43.4458333300	-124.6628333000	-294.4
403	8/5/21	2021	8	5	x55_50	55	43.4446666700	-124.3363333000	-55.8
404	8/5/21	2021	8	5	x55_500	55	43.4461666700	-124.7330000000	-502.4
405	8/5/21	2021	8	5	x55_500.1	55	43.4443333300	-124.8483333000	-554.8
406	8/5/21	2021	8	5	x55_500.2	55	43.4421666700	-124.9578333000	-1137.2
407	8/5/21	2021	8	5	x55_500.3	55	43.4445000000	-125.0785000000	-1031.8
408	8/6/21	2021	8	6	x57_150	57	43.7785000000	-124.5115000000	-154.5
409	8/6/21	2021	8	6	x57_1500	57	43.7766666700	-125.1285000000	-1442.4
410	8/6/21	2021	8	6	x57_300	57	43.7796666700	-124.6213333000	-305.8
411	8/6/21	2021	8	6	x57_500	57	43.7773333300	-124.7471667000	-501.0
412	8/6/21	2021	8	6	x57_500.1	57	43.7781666700	-124.8620000000	-605.9
413	8/6/21	2021	8	6	x57_500.2	57	43.7781666700	-124.9828333000	-1304.2
414	8/7/21	2021	8	7	x59_150	59	44.1085000000	-124.9028333000	-134.9
415	8/7/21	2021	8	7	x59_1500	59	44.1130000000	-125.1303333000	-1505.0
416	8/7/21	2021	8	7	x59_300	59	44.1135000000	-124.9673333000	-291.4
417	8/7/21	2021	8	7	x59_50	59	44.1076666700	-124.1991667000	-53.0
418	8/7/21	2021	8	7	x59_500	59	44.1121666700	-124.9903333000	-463.2
419	9/4/21	2021	9	4	x61_150	61	44.4461666700	-124.7375000000	-148.6
420	9/4/21	2021	9	4	x61_1500	61	44.4458333300	-125.2501667000	-1825.6
421	9/4/21	2021	9	4	x61_300	61	44.4458333300	-124.7768333000	-309.0
422	9/4/21	2021	9	4	x61_50	61	44.4455000000	-124.1705000000	-48.4
423	9/4/21	2021	9	4	x61_500	61	44.4435000000	-124.9168333000	-447.8
424	9/4/21	2021	9	4	x61_500.12	61	44.4470000000	-125.0855000000	-996.0
425	9/5/21	2021	9	5	x60_RF1	60	44.2750000000	-124.8475000000	-139.2
426	9/5/21	2021	9	5	x60_RF2	60	44.2776666700	-124.8951667000	-189.3
427	9/5/21	2021	9	5	x60_method1	60	44.2778333300	-124.9201667000	-287.8
428	9/5/21	2021	9	5	x60_method2	60	44.2776666700	-124.9173333000	-283.0
429	9/6/21	2021	9	6	x63_1500	63	44.7781666700	-125.2925000000	-1661.8
430	9/6/21	2021	9	6	x63_500	63	44.7820000000	-124.8556667000	-493.6
431	9/6/21	2021	9	6	x63_500.1	63	44.7770000000	-124.9726667000	-630.5
432	9/7/21	2021	9	7	x63_150	63	44.7751666700	-124.4550000000	-149.0
433	9/7/21	2021	9	7	x63_300	63	44.7758333300	-124.6113333000	-302.6
434	9/7/21	2021	9	7	x63_50	63	44.7780000000	-124.1185000000	-49.9
435	9/8/21	2021	9	8	x65_150	65	45.1096666700	-124.2250000000	-154.2
436	9/8/21	2021	9	8	x65_300	65	45.1091666700	-124.3746667000	-292.4
437	9/8/21	2021	9	8	x65_50	65	45.1106666700	-124.0456667000	-51.8
438	9/8/21	2021	9	8	x65_500	65	45.1103333300	-124.7716667000	-460.4
439	9/9/21	2021	9	9	x65_1500	65	45.1116666700	-125.0758333000	-1496.1
440	9/9/21	2021	9	9	x65_500.1	65	45.1125000000	-124.8903333000	-736.2
441	9/9/21	2021	9	9	x65_500.2	65	45.1105000000	-125.0075000000	-1033.9
442	9/10/21	2021	9	10	x67_150	67	45.4430000000	-124.2260000000	-151.8
443	9/10/21	2021	9	10	x67_300	67	45.4441666700	-124.4538333000	-311.0
444	9/10/21	2021	9	10	x67_50	67	45.4453333300	-124.0308333000	-52.5
445	9/10/21	2021	9	10	x67_500	67	45.4448333300	-124.7266667000	-531.0
446	9/10/21	2021	9	10	x67_500.1	67	45.4445000000	-124.8440000000	-905.8
447	9/11/21	2021	9	11	x69_150	69	45.7778333300	-124.3740000000	-152.3
448	9/11/21	2021	9	11	x69_1500	69	45.7791666700	-125.0981667000	-1594.9
449	9/11/21	2021	9	11	x69_300	69	45.7788333300	-124.6930000000	-305.6
450	9/11/21	2021	9	11	x69_500	69	45.7781666700	-124.7795000000	-523.7
451	9/12/21	2021	9	12	x71_150	71	46.1098333300	-124.5813333000	-151.8
452	9/12/21	2021	9	12	x71_300	71	46.1125000000	-124.6981667000	-301.0
453	9/12/21	2021	9	12	x71_50	71	46.1120000000	-124.0956667000	-52.4
454	9/12/21	2021	9	12	x71_500	71	46.1123333300	-124.7448333000	-514.1
455	9/12/21	2021	9	12	x71_500.1	71	46.1120000000	-124.8640000000	-871.1
456	9/12/21	2021	9	12	x71_500.2	71	46.1110000000	-124.9816667000	-1272.8
457	9/13/21	2021	9	13	x73_150	73	46.4451666700	-124.5156667000	-150.1
458	9/13/21	2021	9	13	x73_1500	73	46.4443333300	-124.9656667000	-1278.0
459	9/13/21	2021	9	13	x73_300	73	46.4453333300	-124.5443333000	-279.3
460	9/13/21	2021	9	13	x73_50	73	46.4443333300	-124.2533333000	-55.3
461	9/13/21	2021	9	13	x73_500	73	46.4455000000	-124.5740000000	-585.3
462	9/14/21	2021	9	14	x75_150	75	46.7776666700	-124.7380000000	-151.3
463	9/14/21	2021	9	14	x75_1500	75	46.7785000000	-125.3155000000	-1498.9
464	9/14/21	2021	9	14	x75_300	75	46.7793333300	-124.8625000000	-291.2
465	9/14/21	2021	9	14	x75_50	75	46.7786666700	-124.2913333000	-49.8
466	9/14/21	2021	9	14	x75_500	75	46.7780000000	-124.9050000000	-501.1
467	9/14/21	2021	9	14	x75_500.1	75	46.7786666700	-125.0285000000	-692.6
468	9/14/21	2021	9	14	x75_500.2	75	46.7790000000	-125.1478333000	-847.4
469	9/15/21	2021	9	15	x77_150	77	47.1110000000	-124.9111667000	-150.5
470	9/15/21	2021	9	15	x77_1500	77	47.1078333300	-125.1488333000	-1517.7
471	9/15/21	2021	9	15	x77_300	77	47.1111666700	-124.9851667000	-313.5
472	9/15/21	2021	9	15	x77_500	77	47.1101666700	-125.0020000000	-528.7
473	9/15/21	2021	9	15	x77_500.1	77	47.1085000000	-125.1253333000	-1463.1
474	9/16/21	2021	9	16	x77_50	77	47.1095000000	-124.3996667000	-51.0
475	9/16/21	2021	9	16	x79_150	79	47.4421666700	-124.8050000000	-147.8
476	9/16/21	2021	9	16	x79_300	79	47.4445000000	-124.8333333000	-303.0
477	9/16/21	2021	9	16	x79_50	79	47.4438333300	-124.5573333000	-50.7
478	9/16/21	2021	9	16	x79_500	79	47.4446666700	-124.8476667000	-505.4
479	9/16/21	2021	9	16	x79_500.1	79	47.4425000000	-124.9656667000	-615.1
480	9/17/21	2021	9	17	x79_1500	79	47.4496666700	-125.6023333000	-1501.7
481	9/17/21	2021	9	17	x79_500.2	79	47.4451666700	-125.0960000000	-1192.3
482	9/17/21	2021	9	17	x79_500.4	79	47.4436666700	-125.3450000000	-1477.2
483	9/17/21	2021	9	17	x79_500.5	79	47.4453333300	-125.4611667000	-1461.9
484	9/20/21	2021	9	20	x83_150	83	48.1115000000	-125.5751667000	-150.2
485	9/20/21	2021	9	20	x83_300	83	48.1113333300	-125.7420000000	-322.3
486	9/20/21	2021	9	20	x83_500	83	48.1113333300	-125.7820000000	-570.1
487	9/20/21	2021	9	20	x83_500.1	83	48.1113333300	-125.9065000000	-1245.2
488	9/20/21	2021	9	20	x83_500.2	83	48.1113333300	-126.0323333000	-1381.0
489	9/21/21	2021	9	21	x85_150	85	48.4425000000	-125.8926667000	-149.8
490	9/21/21	2021	9	21	x85_300	85	48.4493333300	-126.1480000000	-285.0
491	9/21/21	2021	9	21	x85_50	85	48.4445000000	-124.7520000000	-256.1
492	8/6/21	2021	8	6	x57_50	57	43.7760000000	-124.2294167000	-58.3